1,1,1,-3.7153540118405,17.635927051891,16.7980405084383
2,1,1,-16.4413899880459,-4.7990120892712,4.98145233837128
3,1,1,-8.89242964105287,-12.2289477479138,-16.0304776831742
4,1,1,-6.58537926876003,-1.76289052385836,9.83441419571967
5,1,1,2.55339628725565,-15.4223662479818,-16.3186323105226
6,1,1,4.67822872925921,-6.21267359280094,-2.586673939723
7,1,1,15.7300344100094,14.9817988070536,19.275803333461
8,1,1,-13.0711480557754,-11.7886695775536,15.712192482752
9,1,1,12.1241155645847,-18.4601309004712,0.236012821510773
10,1,1,-17.0013828209151,-4.31064978269609,5.04394995476015
11,1,1,-18.5889064501564,-19.5042422785827,-0.283212098299149
12,1,1,6.38050658771939,-6.71731731273555,-6.76227403655888
13,1,1,-7.82903863532448,-6.50077181272269,-19.9023572410406
14,1,1,5.96443037664745,-17.361111551014,13.5867739337716
15,1,1,-2.34840729161292,17.1316347180488,-1.10780512542471
16,1,1,2.95720128541586,3.64466481714082,18.0120719908451
17,1,1,-6.45066319680843,8.67435053910667,3.45715916277067
18,1,1,-9.40705009372854,8.8104237825587,-9.54446475324169
19,1,1,15.7872274532422,-17.68187266082,-17.2882756969751
20,1,1,4.34285432612853,10.4318441383769,-16.7708032437203
21,1,1,-3.34524197345691,19.518517853465,6.52730643555415
22,1,1,18.4346748158839,-7.83662117370559,11.0989293911814
23,1,1,-8.47662151123951,-17.0924680181729,-12.0942978044651
24,1,1,15.7016966825135,3.2518928913286,-2.98366185801997
25,1,1,-4.77175169224239,18.15450668182,6.13037517296933
26,1,1,16.9499840221193,19.3865479002164,17.9742670727609
27,1,1,3.44657352276378,-16.4396396228126,8.60530083558108
28,1,1,-5.96861789524285,-6.17178688614714,-5.94617201300358
29,1,1,-8.14490842544032,-0.445681318471223,-3.19708894917942
30,1,1,-6.40033309687472,15.8253936379821,-12.8890916773436
31,1,1,5.39830857273073,-1.38677922139937,-7.40082114629848
32,1,1,-14.276164968488,17.1513947724477,-14.0669412343268
33,1,1,11.1845515912729,-18.9673576136958,-12.9894396044811
34,1,1,-8.7668538685954,-17.4997875025568,-6.29816554914104
35,1,1,-8.16209024268904,-12.442351959753,9.09577805825724
36,1,1,-4.20069267949566,-14.763512944257,-7.52164397559709
37,1,1,-7.3127064468849,-13.0205653234409,1.26737867226851
38,1,1,-10.6411581003204,-4.74367412495627,-9.12226942014298
39,1,1,-10.5430536710804,-1.7320297945022,0.859778538821544
40,1,1,-4.90751691508606,9.18757344424089,18.8610470510681
41,1,1,-16.9536664517075,13.634630859763,-17.5630440645448
42,1,1,12.0226510447007,-14.4874384915433,-10.0036687154043
43,1,1,-10.8919944048877,18.1382683983312,-11.3332761146407
44,1,1,-12.2903223177217,7.20403511053558,-8.83260274915862
45,1,1,-9.5971859150496,1.54426838951188,13.0384012564287
46,1,1,-16.8325007639896,17.5453821098894,-6.57098120624563
47,1,1,10.0883638489257,-3.18752027397599,-11.1370146036225
48,1,1,-11.1408326165169,5.35978178772087,-13.3551892547604
49,1,1,4.86609984866634,-2.98302193440621,-7.53193437724619
50,1,1,-16.6538064973519,6.09577770178294,-5.72437411658637
51,1,1,11.5950503906365,-12.9405413315672,-7.04265095159683
52,1,1,-19.2475145867314,16.8430755192546,-8.87924355428101
53,1,1,-14.2861904593971,-5.16577676291032,-8.1778061477003
54,1,1,2.41945468418809,13.382244269409,-4.71985683002942
55,1,1,-12.0036752165016,14.5993724770338,14.5164992601813
56,1,1,6.97750630729127,15.36198480389,8.16429945295355
57,1,1,-9.98150747574286,2.53624636191919,9.80040828932387
58,1,1,-3.4894865369384,10.2166172651286,-10.4527217628288
59,1,1,4.3291256142837,-18.7950397834264,-14.947812838873
60,1,1,-10.8140101351997,-16.8264889136271,-7.83980801797504
61,1,1,1.61859914596541,3.0566295759125,13.3696260154328
62,1,1,-13.2475519981634,-5.73354789458641,-1.17396342780902
63,1,1,-1.6423191272629,-7.35357870556841,-11.8414013172086
64,1,1,-9.50984537451456,-10.5349400544319,2.43145746325039
65,1,1,-9.12445112105791,-10.1458598502993,10.1705681270381
66,1,1,4.04326272653202,-13.9748470084019,8.74721306289472
67,1,1,9.75400482660984,-15.0111356149001,9.14397800427877
68,1,1,-5.01153855183819,2.5302831794452,10.084707789486
69,1,1,17.3280115331652,1.04898258589674,-2.03489820474063
70,1,1,10.067526586649,9.99829456766746,-11.1014669247803
71,1,1,-6.4887206773068,-13.5675046608542,17.1176466017651
72,1,1,11.3379011445202,-14.3513957267499,19.706340443356
73,1,1,-11.5702865822466,-15.7390309123916,10.8580950302224
74,1,1,11.1085345277475,17.4371965041033,6.20560500694263
75,1,1,10.238318177535,-19.5604981718359,9.54726562767872
76,1,1,-7.06979569618913,-11.8487417192833,-1.14020612363046
77,1,1,1.5351629281003,5.67936128680024,1.04317023350799
78,1,1,-0.954701583602393,-3.08076480046912,-5.9752400100204
79,1,1,-0.48557561940903,18.3114104457004,17.2450459105474
80,1,1,-15.9405968233501,-8.64664206583924,-1.39349147158331
81,1,1,-8.19075263944111,15.4925963374583,2.00830278608758
82,1,1,-13.9871754350047,-17.3742976649283,-19.7306389838703
83,1,1,0.340822836842072,13.7353288569956,-7.78726303106237
84,1,1,4.50155137667959,-8.93873249699543,1.95053136839496
85,1,1,-2.6839386559007,2.86221543124981,-9.38846768676362
86,1,1,13.2641626442006,5.98580442089109,4.86886195415933
87,1,1,-10.4487038468161,14.9888776573859,19.5768726806462
88,1,1,-12.094337552156,-0.497943505159903,15.4920724131876
89,1,1,-15.1833429992184,-12.5561664385068,14.9826709794155
90,1,1,13.9044455408095,-6.02966909332864,10.1699190003997
91,1,1,-17.4517030574648,-2.61378748241363,7.71787990284376
92,1,1,14.4458971399208,4.18700420128606,7.1806801218138
93,1,1,-17.7079469656089,3.08775770456379,0.817548710236924
94,1,1,19.3015442273305,0.25401622631588,-2.90217184521213
95,1,1,-0.0193472181752128,-10.0466244568188,8.66644994605494
96,1,1,-2.30339014634803,1.34981737460288,-6.40692548031439
97,1,1,-2.54408308078171,10.9142554711621,-15.9699194550142
98,1,1,-8.33560044008185,2.04180799615861,19.9807326335712
99,1,1,-7.10243086796055,9.58955852798408,8.27145550667056
100,1,1,19.4731562432325,17.9080510197619,0.755390403038266
101,1,1,19.8366405482374,11.8274834322334,-16.496104428117
102,1,1,-17.2008010785521,-9.57085688977103,16.4203699859641
103,1,1,-3.20245422280903,19.9366761273452,-1.31402430095987
104,1,1,1.80001246070535,-7.18354430097219,1.95088229773533
105,1,1,-7.86807832481061,12.3366760500878,-18.5946364863416
106,1,1,-9.51363566614514,9.42334788947631,-15.0944521206198
107,1,1,-5.93404034462054,8.91913362029961,-1.93507537530857
108,1,1,10.5251250465105,-17.0246536604269,-12.9183413177606
109,1,1,-12.788033736559,6.6874668492378,-4.51583340969787
110,1,1,-19.9995597063386,-2.82675584311665,-11.6991428091232
111,1,1,-0.414319648330974,9.85639946381071,-5.95994330014913
112,1,1,-8.80294658502205,-7.46548579384655,14.5777696550506
113,1,1,-3.36979955897615,14.6560774907976,7.59629849558691
114,1,1,15.5526800250403,-14.5658133789119,8.48805477790994
115,1,1,-19.7664230694174,9.44963788609526,-18.7550047541775
116,1,1,14.1299383759862,2.98458402884345,3.43078685206061
117,1,1,-5.66264252368853,1.44260280217431,2.17868719587745
118,1,1,1.04564070596376,3.81725552683391,18.4231386263992
119,1,1,12.8522719576933,9.60455056333675,16.7357364412961
120,1,1,17.7771569277353,7.0399469635773,10.3446998666105
121,1,1,-14.116613017826,14.5913663802168,-10.4578125857424
122,1,1,18.4945494754893,-14.689072392692,8.23819099825108
123,1,1,12.9800711785303,-0.164708660229572,-13.356184969068
124,1,1,4.24854986487946,16.9907506286223,-5.48158656319609
125,1,1,-6.80043846183434,-11.7043037837524,-16.4714253802118
126,1,1,10.1067832330208,12.664055420036,-11.4412163118681
127,1,1,14.4988947610838,-1.34427880722863,-10.3670770662709
128,1,1,-1.71246454941447,-10.9646767625565,-10.1972538128626
129,1,1,-0.973539702329674,-16.1470978707172,4.53906060249566
130,1,1,-18.5699935118846,2.66353442302124,-16.1632376327322
131,1,1,14.3762354160717,-0.692466764303319,-16.5001857764246
132,1,1,-1.34127676410537,7.91832594450933,-12.0242111688506
133,1,1,0.0345876080835836,-19.217703893429,9.9955428839033
134,1,1,10.8064775350181,8.6508435512841,9.40685078745107
135,1,1,14.3965133438248,3.00706405017685,-1.67325279878952
136,1,1,-15.86498330654,2.6173585296408,14.0060783789096
137,1,1,1.23660058147671,19.7605018927604,-12.5170033124724
138,1,1,19.8267659672398,-12.4300533508282,17.9647336432757
139,1,1,8.34290296405129,-4.76871466274031,-19.1864170846444
140,1,1,8.60266635973862,5.46596244498744,-14.8790782068458
141,1,1,7.19082078684719,-14.9511417417223,6.19245417209445
142,1,1,4.1479494304612,9.74970289877304,14.8318151504211
143,1,1,-2.40339435517367,11.3719641284791,18.0587044606974
144,1,1,-14.1924295371882,-19.552764414104,18.2779178472753
145,1,1,-5.83344875626178,12.342119946115,1.92225965189922
146,1,1,-11.5520705883135,17.9755531444559,-15.4272340279902
147,1,1,-11.750684078011,-1.48072050426407,11.9461526961618
148,1,1,7.92877428225609,9.26412999462789,10.909774133116
149,1,1,-12.792926990294,-7.8825542862538,10.9566686654075
150,1,1,-1.11332087648453,-17.8420722872927,8.10533605305597
151,1,1,13.3689604912589,15.2166375580619,10.9782080713832
152,1,1,14.1995732355589,4.57644057706759,-19.8455566992548
153,1,1,16.3318297728721,-19.8630766175693,12.4851397019128
154,1,1,10.3049515280437,18.5361152496453,-17.9867320435469
155,1,1,-16.9761274233349,5.78275302957668,17.6235865347709
156,1,1,16.6966318176308,-0.445508228995152,-13.8156285663584
157,1,1,8.62836607885297,-12.851572017565,9.09611609039738
158,1,1,7.05048284461477,-4.44298220346838,-13.8123184728209
159,1,1,1.52977088362746,4.41541724362849,-17.4634917117957
160,1,1,19.5953136979366,6.08156491792087,-4.60433130682009
161,1,1,-15.0231656962891,14.1316443653314,-1.69116942296064
162,1,1,15.6890933261682,-0.787665382634909,-15.9869424290669
163,1,1,-18.9964103541965,1.93677942925862,-8.98198827988399
164,1,1,-2.34730208205971,-19.4932546351316,8.78540016420931
165,1,1,-19.4919856870331,19.5088418773211,-5.53855159470191
166,1,1,7.52320951763915,-18.5024185582328,-4.57774356503926
167,1,1,6.03768336528568,-12.2340974135811,-16.2896605260586
168,1,1,1.83560232622103,-2.37011882595188,18.462358140164
169,1,1,8.04576294719691,-10.2606294623648,5.41670863523323
170,1,1,-10.8444304848159,6.50726534724146,11.9387647419937
171,1,1,-13.8710891081888,0.794836055695342,6.25929306277981
172,1,1,-13.7722038604936,8.8235095122325,14.2176833259079
173,1,1,1.52024591734374,-15.8010777094099,15.5352818237428
174,1,1,-16.8402207506011,-11.9742856548911,-7.9480662245598
175,1,1,17.3078672715004,17.8796085007598,8.67999821050968
176,1,1,-14.0870843381971,17.9748097380423,-7.06205051517296
177,1,1,-0.244058134957168,5.90148905017909,-8.60567724014379
178,1,1,14.7051809598453,-18.4695016099704,-10.343948490458
179,1,1,-7.52878576595117,-15.065791899182,13.333195604711
180,1,1,-18.5734448086616,-8.24104546068656,1.2350548027249
181,1,1,-10.0603882122101,7.23995657349105,-3.10975045969091
182,1,1,-4.80219446228201,5.77131185653844,-3.45840642854634
183,1,1,16.3550631950667,-12.4940105945738,13.0458692213006
184,1,1,14.1317502783264,-3.32785593426827,8.86191502623905
185,1,1,8.92299498121208,11.2939216583922,3.929775777089
186,1,1,-15.1364085232098,-15.5083330143063,-7.40331467900066
187,1,1,-1.60046763291424,-3.44774455285264,-13.5449283150541
188,1,1,-4.2331640448529,11.0464237945892,-16.6521558656432
189,1,1,4.11269776958921,-2.43394513379299,-13.6621455695449
190,1,1,17.5595858220003,-4.46106389994743,11.1559952111186
191,1,1,2.53839849078587,-18.0053669412578,-18.7134855682895
192,1,1,4.28242240089537,-16.4448879694063,14.3839186231027
193,1,1,7.24650969349021,-16.4994575619499,-13.7400811431947
194,1,1,-9.91018133899681,-12.9843653937613,-5.7487009634658
195,1,1,1.45231560303779,4.60208828923736,-19.8546091029551
196,1,1,-14.3185024451097,6.30409182201393,14.8045062452955
197,1,1,4.93804440567891,-14.4035931402464,-19.8064974937503
198,1,1,1.30437829529751,8.42766114407577,11.9316221650673
199,1,1,-17.2769929954919,19.0064841641853,-8.98830356684968
200,1,1,-18.8489504657883,-13.904294688256,-18.4644822171377
201,1,1,-12.4043548472535,-16.2850746569598,-10.7883268370757
202,1,1,-11.597653959113,-10.8968797976742,5.58355682261655
203,1,1,-2.6280669901535,-16.4568552214081,-10.9617793787532
204,1,1,0.18220076645791,8.29670885664918,-15.5552492222004
205,1,1,-19.2754320808982,18.8454210017449,-16.5994871435081
206,1,1,7.74537133372497,-4.21426128812866,2.67835548466855
207,1,1,-14.2164760588867,-2.28562247816754,14.4685698255475
208,1,1,19.4753726714118,12.5744864700042,-14.9413647987533
209,1,1,18.3629828891033,18.1480155530016,9.17875768824246
210,1,1,-3.45267192395517,13.4357512328869,-12.4518611526768
211,1,1,-10.0846414165238,-8.44228984284052,-13.1925641735167
212,1,1,-0.783375102162346,12.9666163710536,-13.367491963962
213,1,1,17.6417874555886,19.7617084355898,12.0041144895089
214,1,1,-12.364443700398,9.39474362448783,-1.48525560283964
215,1,1,-17.389624659303,-11.7945339748092,14.7204522447897
216,1,1,-11.8789187625593,8.64707336978246,-7.9072025179179
217,1,1,-9.55971122158952,-13.1624261830625,-9.3717034322529
218,1,1,-18.3646705180028,-8.61290620662636,-11.035568834233
219,1,1,16.6095136692247,-12.173545270874,17.6116903632791
220,1,1,-6.19111382362134,-16.6041998323505,14.0801933002359
221,1,1,5.17983650720902,-10.1029198009523,2.77425330349413
222,1,1,18.5254448622721,-11.96690893112,-18.5905568008248
223,1,1,-19.393746934493,-8.76292749836086,0.716743490674354
224,1,1,-3.47058278291104,18.1802152891148,19.236346539183
225,1,1,15.606877779319,-5.27536172347378,6.95459460928472
226,1,1,14.9746486582657,-11.0636554233957,14.0218633174878
227,1,1,12.4176127320436,11.455093431705,-13.3419954424201
228,1,1,-1.52879967580537,-3.85431307327526,-4.86051074400786
229,1,1,-10.6438007564611,-8.4827706309852,-16.8343308598599
230,1,1,5.93861472796769,-3.12545511012363,17.4000411172937
231,1,1,-12.5500364311601,5.84839245109133,19.0674179465715
232,1,1,-11.4697230831107,-13.1844103087266,9.47115986412019
233,1,1,-14.4980878011384,14.9278051687209,1.92355211100007
234,1,1,19.8791242568855,8.56300979232877,10.8634161308484
235,1,1,12.6798191134626,-13.6021650902066,8.71899664593707
236,1,1,6.20783799145092,-16.5045969730677,-7.87467455700518
237,1,1,3.57249318372707,-15.2307442530571,-9.00065292457526
238,1,1,3.72502199288013,19.8540720553183,-12.954920648447
239,1,1,-2.76079278771508,4.55134002517208,6.86574758285782
240,1,1,1.10377893222124,-9.30486047318447,-13.5322769033801
241,1,1,-6.79977046945091,-9.97736469477478,-8.50184509101445
242,1,1,-10.3462329616442,9.97424124475721,-2.31253206240059
243,1,1,14.0419225032891,-6.22430707546762,3.71157258488426
244,1,1,16.5616700742206,8.86380016468531,-15.9902204231878
245,1,1,-4.84932368693749,10.7662659315885,9.58125961978915
246,1,1,-4.73853766286972,19.7559417762152,-14.8167444457526
247,1,1,0.981873198910762,-7.26782811252903,11.187603051817
248,1,1,-11.300129844254,-1.04225254020317,13.2363327943259
249,1,1,18.3909413427505,-11.7287233335245,18.9854338737049
250,1,1,-12.4651628778927,11.3840590218286,-9.05500187318415
251,1,1,4.17112496361004,-4.71231905151677,19.7609372653797
252,1,1,15.3191824695792,-10.5938663792745,18.9585987661665
253,1,1,-3.28461112925972,-2.32079472959766,9.3593077798072
254,1,1,-6.90813065488989,-18.7143915378327,6.88888552552362
255,1,1,-8.66278069613909,13.1918767619592,9.96049293092194
256,1,1,-5.33212639106087,15.1042419820316,5.84922791712984
257,1,1,11.2597013737889,17.8369493078494,18.1873031644513
258,1,1,-8.07467238586364,-4.08398176012073,-13.9058134204452
259,1,1,16.4901681094775,-5.65887839602243,-13.6877587464179
260,1,1,-9.79477356031205,15.1300251422953,15.8413123057703
261,1,1,3.01962006502681,19.9703241428919,-11.0006350800273
262,1,1,-16.45206014165,-13.2571755664923,14.337853330521
263,1,1,0.693280150703561,16.5283557863454,14.9461814380994
264,1,1,18.370702029807,19.438624844161,-18.5896608049408
265,1,1,-12.1207849406134,11.6347402161462,-5.13671156799239
266,1,1,14.2300412308834,12.7805546581322,-18.5156219943638
267,1,1,2.3555025287565,2.5096683249018,-10.5519102900592
268,1,1,-1.21324768753819,6.72189386301355,-2.67880374859989
269,1,1,0.0604138857009886,4.38350999543946,19.4953727222382
270,1,1,14.0676648777991,13.2853248731495,-12.9075812461312
271,1,1,-16.091791344034,16.1983525197518,10.4016805098075
272,1,1,9.55986891018986,12.5432482148412,1.38514782224607
273,1,1,-13.2460547072326,14.872853997806,4.17444444324843
274,1,1,-12.8962000295171,18.3713096939322,-13.6252422918535
275,1,1,-6.78797819155248,-4.53343958808781,10.2770153548292
276,1,1,-11.4194681926682,4.40036601804053,15.5838563792453
277,1,1,-19.3251296593135,-11.6890892182246,13.8347881721323
278,1,1,6.75656524080375,3.25517956654624,-7.92119073427322
279,1,1,-0.355523945787702,-12.6591264019864,-6.88478157405471
280,1,1,-3.34779741852201,7.87457076589737,-13.7976721623772
281,1,1,-5.70188963832396,9.12417478921029,-16.4684470903171
282,1,1,0.251113548708332,2.55324084149554,-15.5550230862388
283,1,1,-16.2115559907655,-17.3054636661773,13.2749622555289
284,1,1,2.31838185202817,-17.8439547209826,6.29840420811712
285,1,1,3.23044757853847,-1.10625508361753,8.89960823909216
286,1,1,0.532055723457088,-8.7394013882964,5.59953755808211
287,1,1,-3.09843514381835,13.8679632178303,-1.51562796960227
288,1,1,-1.42538200436317,6.29519082079326,-12.0419285377081
289,1,1,-13.3962464685778,18.6234691262581,-16.1670168459463
290,1,1,-1.01186683552714,8.81746837694192,-7.02775264205284
291,1,1,-4.02789295109394,-7.22827178599301,-9.74061286942359
292,1,1,19.9977789871175,18.995317624122,-11.7945913809701
293,1,1,-11.3449693836274,1.88512786328616,-2.6600943547262
294,1,1,-7.04203255827813,1.52643997209203,11.3457239084225
295,1,1,-8.7349223739819,12.863754208949,-5.232556143653
296,1,1,-9.28335158521809,-2.85382662143159,-12.4579026069936
297,1,1,6.68400323277048,19.7818071127468,8.66209482621912
298,1,1,-9.67487459735231,-13.6510845468688,13.2994347333445
299,1,1,3.94304920969993,3.71977854245593,19.3740417993863
300,1,1,7.90172090700753,2.69706480514298,12.4495689757782
301,1,1,-2.78997882508863,-8.61077906184545,2.01241202596649
302,1,1,-18.6730671951158,15.7072253057392,-19.6566287257291
303,1,1,0.582426715444893,0.767958771146088,-15.5002359653989
304,1,1,-12.259809869583,-6.02645816781146,-18.3646619374743
305,1,1,5.08447549338776,-9.28323209235142,-17.2615356881844
306,1,1,-7.59608322460778,-14.8653677152308,-13.2908455124499
307,1,1,-10.8714995007696,2.62361735039865,6.63572910185168
308,1,1,-16.4539976992663,19.0432333611217,13.5868392846123
309,1,1,-17.3335048160945,-17.5310974400414,8.46130920214511
310,1,1,-9.10391758422795,10.1780276564223,4.04689411085021
311,1,1,4.98040718058268,-7.89340548976129,17.9457536752045
312,1,1,-9.29789631689654,-17.7369911464792,10.0739457839762
313,1,1,14.5082833825194,-0.563671938564042,-8.4749428310652
314,1,1,16.0956888811301,19.274238507065,-0.2666806631273
315,1,1,-1.16524944840054,4.08905801593009,-7.51804282329344
316,1,1,3.90071887972097,12.7777791327269,-14.6048742559972
317,1,1,5.56035048695384,-3.24218099832503,18.1777790655004
318,1,1,-10.0020279117929,13.964776018573,10.4147600500465
319,1,1,-0.176703253355438,-14.3575642876157,-17.4705259585085
320,1,1,6.02026865399806,2.27002522518343,-2.21224928153838
321,1,1,-19.6675521618478,18.4435921968861,11.7538096271685
322,1,1,0.986311537859635,14.9930342684785,16.4741316952536
323,1,1,12.2689910905091,-8.48319668196523,14.0989526792826
324,1,1,-8.14833256833547,-5.402139689728,-14.057682818992
325,1,1,-16.7068728722715,-0.898247152032901,9.01970076127019
326,1,1,7.95180019485403,-6.02135539204055,-11.6938153189639
327,1,1,10.5908263638925,-4.80825437152767,19.027649684536
328,1,1,-17.3419675298224,-7.73033839984399,15.8096995736105
329,1,1,18.2398955161962,-17.245443491985,-18.630560236126
330,1,1,4.54594630736425,-2.40461987690939,11.4041450586469
331,1,1,-0.780497555691142,2.39322402620803,5.22602959379137
332,1,1,-18.9045490288525,12.2285344362108,2.33910380122247
333,1,1,10.5443817063581,0.550640911286632,15.6812823231915
334,1,1,17.2226080127125,-12.2580178075314,1.37836297508101
335,1,1,-13.5858069855318,-3.24380642554925,7.44370304076349
336,1,1,17.371257999491,-1.00217364779038,18.1453009919797
337,1,1,-8.59538885971696,-6.27299172855134,9.26359894305906
338,1,1,-9.9360302986722,-1.86715326138059,-6.50421685888734
339,1,1,-10.0923025341624,-16.9025196820559,-7.57866879244257
340,1,1,-12.5682888254404,11.9041070255843,-11.7623361415829
341,1,1,12.7490863525595,-11.4873335988977,3.12021180710389
342,1,1,1.30744483013816,-13.7210128498754,12.3340073396243
343,1,1,6.74520305551834,-5.43635980549263,5.17442608726321
344,1,1,-14.1754858791554,2.34203472481926,-2.89410058268656
345,1,1,13.9119993183727,-7.67497146959109,-5.64421827259202
346,1,1,-3.18986844249272,-1.29961546976531,16.6635738192762
347,1,1,-18.1818001284602,0.871636253034783,-13.8615860655589
348,1,1,-18.426105844274,-17.8820952841328,-7.02334181375272
349,1,1,16.2267789484803,-15.4828806701521,-11.9314360295882
350,1,1,-13.2264723280072,-12.5468657460519,13.7646486578931
351,1,1,14.2457285897754,4.48673188524515,-1.38809090128078
352,1,1,-11.0116034622121,19.4310636492315,18.3839975183298
353,1,1,0.0941654560505434,14.431822094633,-19.4691394585725
354,1,1,12.0855574341978,-7.84441784952002,-14.8197490457444
355,1,1,15.6292885973651,-12.5120483296013,16.5538982187472
356,1,1,9.25246723650324,16.5107576226293,-12.2963367379345
357,1,1,16.4392566092269,-9.53562285523391,-2.48199876400219
358,1,1,-10.9448317944291,6.82676004157132,-6.89170683305302
359,1,1,-4.0710791441957,-8.90117036799428,10.2896681449197
360,1,1,-14.3707360245054,-14.627356481428,-12.2826707347811
361,1,1,-1.33481106010038,-16.7454139189963,8.74926360843589
362,1,1,-4.40134456499352,-2.60597853453653,-11.279252325981
363,1,1,11.2101732286543,-7.19886952969357,5.22638165295431
364,1,1,-16.093899542171,-10.338425849309,2.04851596123042
365,1,1,-11.9047019930928,16.8563524111784,-15.6819606176829
366,1,1,12.3234919257053,-12.6867369470947,5.91653148669905
367,1,1,-19.9017614901091,0.114180257631041,17.2142337305332
368,1,1,15.9223245989422,3.96801320608061,0.450621280406057
369,1,1,2.79506343606453,-2.15439857494962,-1.63329082333816
370,1,1,-14.034482793489,-9.36648522013296,-13.3944976594157
371,1,1,9.07594042513573,-6.74256515265944,7.51692836886114
372,1,1,8.73023448813971,-11.273415619758,-4.67686787053223
373,1,1,-17.2221279163301,-10.8519966913295,2.81814089623713
374,1,1,1.15029259230986,-4.91522314819141,-11.1209705570872
375,1,1,-12.5270172462851,11.1595663182497,1.24970786568599
376,1,1,-12.0370700690042,0.793958370479977,-12.649392841903
377,1,1,7.72950199403157,-14.4306194265054,-6.21756820228635
378,1,1,-7.35561375269156,5.27828084397944,19.3306187419392
379,1,1,14.5840632420857,10.6180318858473,-3.55559935162987
380,1,1,2.95534618509087,-1.88328616109792,7.31688000879555
381,1,1,-12.0425714885977,5.71532814584361,-15.1411629917134
382,1,1,5.65354727277888,14.5698499740975,0.223458179885402
383,1,1,-4.02407945133085,-13.2804236197655,10.1888860150846
384,1,1,-19.4028888826879,4.75149599666696,-9.02481617516166
385,1,1,-5.78678316455898,2.88530896724356,-12.5314728366447
386,1,1,-4.96527361560369,-13.5804086446826,17.7530620214961
387,1,1,9.09389293595419,11.4642909872969,12.7321473769539
388,1,1,-18.2865885494265,-4.43388613351332,-6.49717997035317
389,1,1,16.5922395520372,14.1970820852086,14.9713588336652
390,1,1,17.1656763399743,15.268360021558,9.51283968593314
391,1,1,2.25168532773766,2.10306862322591,-14.3578906444385
392,1,1,-2.88490741771483,7.95082470629303,-11.3256518801609
393,1,1,16.6827378900029,19.9586606440513,-9.22846965785824
394,1,1,19.2641411822285,-8.51837266080233,19.5346209525242
395,1,1,-15.5887872147148,8.39949153488101,17.577527229033
396,1,1,8.09115047210465,-4.19938788897598,0.74824803201
397,1,1,-13.6331684948873,8.00286428280489,15.1322625441996
398,1,1,-13.5447538466607,9.10519421416647,-11.3390987220904
399,1,1,5.52237230672968,-19.1557675188215,16.8880880061776
400,1,1,-11.2148232943997,3.5880556936133,16.0389662654144
401,1,1,1.38474915712053,-2.39842863895258,-15.1204703548038
402,1,1,-5.99298637478,3.36564364766177,6.13604885329972
403,1,1,0.215557015569708,-8.42096112383529,0.0496566021229405
404,1,1,-0.548572519717602,11.638553015677,16.1220915945249
405,1,1,17.4056518332715,-16.5839232380849,11.9320635795233
406,1,1,-17.1859024683926,4.00285954652631,-13.7786237918013
407,1,1,15.2437285273358,-1.51301504734468,-17.0652946666678
408,1,1,2.19806512795868,-1.13021486654127,-14.024420036852
409,1,1,-12.9594266921407,15.2281833206757,7.9157916776026
410,1,1,14.6657622944377,10.2951337772712,9.90197518639343
411,1,1,7.23184721255271,-17.9374092262651,-4.79682115467719
412,1,1,12.2037765091635,5.54973783698071,1.78720616836614
413,1,1,10.9497766839228,11.5892892607697,-7.58681087964665
414,1,1,-2.87475628160391,-16.6324384012224,-4.21829394669263
415,1,1,-18.2089791197084,17.8497185199148,17.9111893536435
416,1,1,5.26827597552287,11.3684849293193,4.64150806990319
417,1,1,-17.3650749485824,-10.9277106406639,12.7219496295045
418,1,1,3.01240241604312,-4.95793524961902,2.3626156523351
419,1,1,-13.5088034984437,14.392793637799,-8.61715007737373
420,1,1,8.55189155747659,10.1174796827546,12.4263993145417
421,1,1,-4.96306085443711,-6.27375458737505,-13.8443092538442
422,1,1,-11.3303120660727,12.1162418557072,15.0330294306664
423,1,1,17.6413676535014,3.86231925575825,-9.09498886648427
424,1,1,-16.4727122333492,-15.8990359619084,19.209692663373
425,1,1,-15.6366126300342,9.49860667572224,5.25402250937
426,1,1,14.9781798953537,-19.4815703078645,-11.8312062561471
427,1,1,10.4165500887551,17.3554885594216,1.35567294043455
428,1,1,-16.2256620811,-10.8386199807683,11.753937316924
429,1,1,3.93617526608184,6.00319901906751,5.9342234505641
430,1,1,8.31704810229852,5.41424541173299,10.0962596930834
431,1,1,-0.819404326013711,4.96807414976942,-18.085602567568
432,1,1,16.2475913690962,-13.1827670235539,-10.7469371167532
433,1,1,-16.3398918814466,19.026505295445,-18.453319993651
434,1,1,-8.01043233491682,7.59163941966272,-15.8792791481196
435,1,1,3.92000941372944,-9.01635382750292,-4.45635999281557
436,1,1,18.7469085948876,-12.3673684698594,-18.9620478502734
437,1,1,10.2032452789333,0.597278214864492,-8.51984004125756
438,1,1,7.82270416332286,16.4366824092889,15.9277566809841
439,1,1,-10.4221738045875,12.6082678510129,4.0039423705845
440,1,1,-2.92079650220808,7.19682473935053,-17.7344310270389
441,1,1,3.40130366790477,14.0462867064526,7.96105809248563
442,1,1,-2.0228639393625,10.1423156692296,-14.4796843345157
443,1,1,-6.04681512027176,6.44077174197257,5.5520807188967
444,1,1,13.4502384481402,-6.790803804368,7.96563745231391
445,1,1,13.3935015776689,-1.04174723840354,11.8699332581604
446,1,1,17.1195514939303,-17.7943521175867,5.87817460636348
447,1,1,-0.0867237060960306,-10.0426994321844,17.8888050489779
448,1,1,7.99080283927167,9.64978884770826,15.1341289080369
449,1,1,-10.600967785365,-16.6796676966362,9.56301657976655
450,1,1,-18.1642405607185,2.38152581772713,-4.00635641246563
451,1,1,-10.3775309511613,18.273948331723,-4.86351054870524
452,1,1,-4.22705570476508,17.7412039085528,-7.22441474520508
453,1,1,-9.07559105113636,-5.27489031665638,-11.7407986330901
454,1,1,-15.3536643334175,-13.5750331127851,10.2316056732707
455,1,1,-0.546981610665558,-16.3907939166039,18.0937593444702
456,1,1,12.167576244518,12.4750292180944,-3.12541044766382
457,1,1,18.7321676264034,7.24384172965572,15.1196940316536
458,1,1,-4.25125055426971,-1.83004661743415,-15.0193772609791
459,1,1,-14.7545517073648,2.97042606662735,9.63778798073967
460,1,1,10.8525732571577,16.3709050044629,-8.75573981597196
461,1,1,-15.2108315100983,16.1566282049374,-5.11379150425343
462,1,1,4.90563499327261,-15.051785505313,19.3769282685872
463,1,1,4.05386638341123,-16.3379909521769,8.94746983240339
464,1,1,-10.6802640396985,-8.99398517745487,19.4479212548406
465,1,1,-7.42278702713919,0.776344397870673,4.55612988162902
466,1,1,16.3135830817627,-5.96239544644832,-10.8156591573216
467,1,1,1.07997246465288,4.75241844775711,-10.7071729798171
468,1,1,12.3116985266629,14.9488146455088,-5.58762442207834
469,1,1,3.34096251045335,-19.5525153730493,-16.4739343656295
470,1,1,-6.4238681899081,18.5516936341509,-13.2131128687143
471,1,1,-17.7854096598861,13.7653309228523,10.9622689505834
472,1,1,-14.3926410236594,-16.2997256696207,-1.82988967852768
473,1,1,8.87308373705422,15.4600739801555,-2.56113079278874
474,1,1,10.1344201719458,0.363980873519782,-19.3231796790915
475,1,1,6.65120647111434,16.8072744664945,-4.09845755190748
476,1,1,3.23905675070053,-12.1178269653594,7.82506607717168
477,1,1,9.61832274782964,8.76971584507323,11.3677450726806
478,1,1,10.1625891984517,6.98348931404869,7.46586808535166
479,1,1,-9.2962552110055,7.21135991486056,15.8251332908077
480,1,1,16.7888294524724,-18.5134577345654,-3.7574499406461
481,1,1,11.4333267377299,12.3763604670502,-0.520927353444748
482,1,1,18.145527704995,-6.70599764428777,16.5320341008745
483,1,1,12.4856477284213,-18.1992342638832,2.86387412483067
484,1,1,0.436804740097582,-16.8569128494604,8.74356654997646
485,1,1,8.83341501022682,4.58748411785583,5.70874978230844
486,1,1,10.166862739333,-4.01746169125231,3.63390514244947
487,1,1,5.37446768596881,18.4478716897894,9.69514026392013
488,1,1,-13.3023099811637,19.3344285315945,11.2483373313896
489,1,1,-8.59589918660206,-6.7649801271848,-11.3363125570379
490,1,1,-4.25103996055041,-16.47402963905,18.4442178761887
491,1,1,9.51768170489791,10.5243979315693,-11.0187438671966
492,1,1,3.21087701065528,-3.91922559834555,3.0280546410963
493,1,1,-18.3741852747075,-19.9112616190705,2.0582329013388
494,1,1,-18.2541712603066,13.4129008417411,6.06004630137518
495,1,1,-15.2341665076076,-8.17132735195191,9.42264510236503
496,1,1,15.2409974321607,-3.20912713153841,-5.69084804142962
497,1,1,-10.999766077987,-14.0717621743376,-1.2937054994768
498,1,1,15.6828890973564,-13.6497387033722,19.5267874279488
499,1,1,11.3657775644262,4.2504439247891,-2.95054958866724
500,1,1,9.43975702798761,2.64408609940175,8.25886666219232
501,1,1,-16.8396148424577,-12.8672577363116,-10.8160702922988
502,1,1,-3.42865396900132,8.17812930392162,-16.8076746463133
503,1,1,11.5516457095689,-11.3506364845424,-19.138765063317
504,1,1,1.43350696893428,-10.2548704146601,19.8087454073215
505,1,1,15.9551466069434,-4.56096872210342,-1.75191993751784
506,1,1,-19.5458794283417,12.9547324912688,6.13789810458673
507,1,1,-4.56099548182176,13.0316383435667,11.3074673400502
508,1,1,-15.4283723230021,-3.80914882347165,-0.547129619427743
509,1,1,9.03185700453254,-1.09349019057138,13.4441478736711
510,1,1,14.9733894804207,-1.46143706757027,-6.25715975156765
511,1,1,18.5379880706999,-15.2694999720698,-0.299204027551877
512,1,1,-8.08180198841673,9.28926719717862,-10.6558238912846
513,1,1,-19.2232990462586,1.18946287028074,-6.75207817360093
514,1,1,-19.1848084551182,9.29036629322282,-5.38655605543849
515,1,1,-15.1368467361799,-9.35395255316588,1.11507364327966
516,1,1,-10.5954866389474,-8.8825794764945,18.0783200577678
517,1,1,-18.2331215302934,5.65386215342757,-12.7732486509429
518,1,1,18.1355352998587,14.5119521943558,-13.6617011261493
519,1,1,9.2776001863222,-0.677450794863788,1.18096417415357
520,1,1,-1.5987188259135,-12.7180827406629,18.1996483485365
521,1,1,1.78291301346272,9.8949450918173,-10.8806347566733
522,1,1,8.88889866025477,1.7066205135376,12.459643305001
523,1,1,-18.8579160140892,-2.28355118042906,-1.94285815619656
524,1,1,-19.4535642576228,-16.555312336953,8.55152742981657
525,1,1,9.67144230368237,3.6202259018534,0.192890307483829
526,1,1,-6.65165729982387,7.06770892479301,6.38361456883519
527,1,1,-13.9333646844253,10.7628796776775,16.3429818136302
528,1,1,-10.5456508132467,12.9539421405174,-1.20850034893774
529,1,1,3.6605338545686,0.0619001216186668,11.0263786731602
530,1,1,12.0200491085211,-7.36812806978322,-12.3671500966428
531,1,1,4.51126959528044,9.57934139765353,-7.99907602009634
532,1,1,-4.39052025227554,-16.128112299475,-9.18667777879779
533,1,1,3.19167199915571,-11.7388959555359,-0.937052625128302
534,1,1,-18.1612586549127,17.0537577389602,19.5937884191472
535,1,1,1.11988098586934,0.828485921806006,-17.5641455386428
536,1,1,-19.8116073171447,-10.0936412688805,-15.829963664781
537,1,1,-5.42076464339228,-3.23454386484391,-7.2353059000887
538,1,1,-8.2949145648669,-3.89375456062553,10.3233678513084
539,1,1,13.4550671326804,-11.3262372769627,6.12119709554155
540,1,1,-12.78242903329,5.4586260500679,-3.6858914864045
541,1,1,12.5858022814459,-8.95249703703102,-14.8746087883231
542,1,1,12.4613564203528,7.90831587186243,14.5546531153362
543,1,1,8.5233154043116,-7.755369865011,-16.3281103296412
544,1,1,17.8892445654183,11.1284539389347,9.00795811322876
545,1,1,10.4805127803909,12.758949246705,-16.8779662625148
546,1,1,6.00673971771956,-3.96026461502617,-9.01158324369502
547,1,1,3.2224839315856,4.78634945921802,18.7770021341105
548,1,1,-8.47864984117849,-11.1118412783798,14.1888819236672
549,1,1,-18.4631022241711,-9.87311558154127,16.680979135292
550,1,1,-14.3677994829675,4.25656625032545,19.5650333618287
551,1,1,-1.65251662523699,1.58675289201197,6.0895231599361
552,1,1,-12.9378034961738,2.7560457451012,-8.72957743920374
553,1,1,-6.98274413406205,-11.0728212372744,-1.95838875011694
554,1,1,-12.712140870622,-12.2089612552083,-17.0139518866488
555,1,1,13.0807476825359,0.702536948595409,1.96157621185184
556,1,1,14.0613904407408,-9.92866130427079,-11.7016430657368
557,1,1,-5.35433444773638,4.04052351303704,1.14009440151749
558,1,1,-15.3023322374623,-17.2220390044976,14.2786258208888
559,1,1,-2.86823060061191,5.28240529947712,-1.51114539793214
560,1,1,16.8259709805391,-14.559279084089,-12.388908201728
561,1,1,0.0223802359496261,-1.9221074965569,-16.3957288933008
562,1,1,-14.6683241813141,-8.98881440171646,-3.51321517914124
563,1,1,-1.70914021108693,-10.1132391463255,-11.0292759721925
564,1,1,16.9179751238348,14.0959024377486,16.4612756145807
565,1,1,1.6905822443681,3.61059187655306,-17.7801796015347
566,1,1,13.9236581151854,2.14711011410234,0.146971869169782
567,1,1,-9.57298021778086,-11.8289004377212,9.90711681437277
568,1,1,-17.3939787078394,13.7484585759358,-5.10468514303675
569,1,1,4.2317796793541,4.24322078786443,2.76826846050863
570,1,1,-7.02754970049647,11.2240077179845,-7.4796295998729
571,1,1,-10.9239556862342,-13.2873134501916,-8.2813889557551
572,1,1,-4.32087725958198,-15.8764537585779,-17.2747496407532
573,1,1,6.424059158156,1.38134242218667,-6.15431296258718
574,1,1,-18.2096310946181,13.1502845484202,19.4884172983219
575,1,1,0.856247883814994,1.46765286424159,-14.4936304857996
576,1,1,-18.6650362265417,9.85693436729104,5.49929686906891
577,1,1,-18.3101078406515,-14.2289436806637,-0.384539401339854
578,1,1,0.306408818350064,-14.1646364229083,3.17810331460485
579,1,1,8.15131529513333,17.1526565461439,4.27948374575085
580,1,1,-0.680420716074586,6.06083327102943,-8.5840119561218
581,1,1,9.39116639750588,15.583235926877,-12.1137170411358
582,1,1,17.4210961666953,1.0391709087871,-2.54197330952287
583,1,1,17.9295072716126,-3.75742975586862,-2.95492181020737
584,1,1,4.59873131081994,13.0674785096967,9.33943150153475
585,1,1,17.4238326931003,-8.41747848414961,0.821084216870226
586,1,1,-0.489655057845795,-13.2650778392582,-12.5192883949699
587,1,1,2.20472683426991,-1.3689576186087,-2.11480133140481
588,1,1,-8.13993179382337,4.35301987662989,-8.84286365236065
589,1,1,13.5844808284401,-19.1244178288455,16.8109273740744
590,1,1,0.270926166443996,15.8662726469346,18.5263250423829
591,1,1,-4.23626497486227,-15.6544961864154,12.0424691636786
592,1,1,6.36355431071466,-2.06864939376138,13.1072880226674
593,1,1,-17.896211928326,-13.5492796584104,-10.6211125533628
594,1,1,-0.00412671395130459,13.792113798644,3.13707315482576
595,1,1,12.6711423667109,3.97708242738932,0.798867483593671
596,1,1,14.250148240163,-6.42021089094004,12.8979876898835
597,1,1,11.6521247511193,-8.4959688190951,8.08388077443179
598,1,1,10.3740889051409,0.219475381014696,3.3250693531694
599,1,1,-11.5414018895317,-0.730232188656757,-0.859394915492295
600,1,1,13.3936235496755,14.3023026252909,-5.07368360461376
601,1,1,14.0396426927657,-7.72903753681006,15.0699250109418
602,1,1,-11.6570400141338,19.3508512921538,-12.5361229102277
603,1,1,6.79666061113253,1.29895709287476,-2.52864538893829
604,1,1,16.6015925104798,-0.261386138661148,-3.02179721399986
605,1,1,-5.11263094571932,9.02481466175811,13.1817854550861
606,1,1,-18.1603372408252,-12.6451777549672,6.28341081295306
607,1,1,-1.4220239289407,15.4496703554331,-5.59573548184425
608,1,1,8.12468879045349,7.2171309946889,-3.79261415324075
609,1,1,17.2439147637855,-15.1930629398021,-6.64751571374783
610,1,1,-11.2587357461879,6.53518418534857,-2.07932201603661
611,1,1,-10.2868313099702,12.4333399462513,2.47514693753496
612,1,1,-9.26739821394557,3.14135387514598,2.70242102599301
613,1,1,-12.7638878877334,2.76168026926224,16.6131938799037
614,1,1,-4.03253096465258,-9.63821352533418,7.13017570822565
615,1,1,-16.1896095812244,15.2004327859505,-10.2677029956707
616,1,1,-14.2778258033817,9.96416838969588,18.4831911824588
617,1,1,15.1892342507525,-9.97057873905844,3.43072560882392
618,1,1,-6.11805531732454,-13.8910199150214,15.8965741456706
619,1,1,15.1285657140315,1.76536820943491,-10.8315525900024
620,1,1,-6.78755271056307,13.2213206895409,-2.83851790387453
621,1,1,12.6468684880291,-10.7799466859887,17.1203493179679
622,1,1,16.8524630977875,-16.334669730487,4.65908165234454
623,1,1,-18.2529591506422,-10.9518482357036,14.3972379022932
624,1,1,8.90715527271145,19.6002693676386,-5.68623606521599
625,1,1,19.4489482480744,-18.2510179828683,2.11976821945629
626,1,1,-6.82185521737154,19.027112733782,1.9862937756438
627,1,1,-3.28687204058055,-3.90568170455691,9.94281665172599
628,1,1,16.1987547982617,-3.69454155122943,4.29542348406844
629,1,1,-1.60843479261872,9.56442820492333,0.188415301192414
630,1,1,-18.1957698930593,-10.1383599489192,-15.65400540904
631,1,1,-8.88826494548817,-10.2730488362378,0.130833386994823
632,1,1,-1.3946077861648,4.83394952341312,4.07884015454716
633,1,1,-4.66373984120488,15.4019917343685,14.0941916603218
634,1,1,-7.67745601679104,-10.463407471235,-19.7917066006688
635,1,1,2.39132671518324,-6.62643323797439,11.5096671066764
636,1,1,-16.9023556381749,3.74518635974287,7.77457724737351
637,1,1,-6.1893660466177,-17.065224967579,11.1189939376707
638,1,1,19.7377816018058,8.7482553412655,-9.34538420054487
639,1,1,-5.86159893173399,-4.87637672931765,-1.58482762576574
640,1,1,-0.813942200139401,16.7954390270396,13.2102479496131
641,1,1,1.15725134941722,5.09505991987749,-2.38088015428824
642,1,1,14.5209824420715,0.388483705793906,-17.5247914060445
643,1,1,0.381786287967532,7.21518045533037,10.5531520734724
644,1,1,17.8587102587184,-16.8399843077878,17.5573098272717
645,1,1,17.7881006144827,-17.4152032348302,-19.452354133827
646,1,1,8.07625457886043,-13.9186376122354,-17.9998709551575
647,1,1,-12.0676381894501,3.14505655674894,-16.7299551841384
648,1,1,-19.542239771411,0.0460690323102355,-3.60740175253855
649,1,1,16.810243053037,-13.5383248106976,-2.64456622967599
650,1,1,-0.122174258508416,-13.0101119395716,-13.1363346048958
651,1,1,-10.598417546524,-13.1905666215616,2.66588797136133
652,1,1,-11.0266863673552,-4.93480417403726,18.1404437398555
653,1,1,10.8798390482362,-7.83616234674299,-5.75395221517764
654,1,1,-3.21981477553209,-2.66607155249736,-0.135775453463761
655,1,1,10.8468421669314,15.4501961116006,18.5901102483067
656,1,1,-10.0266821947189,-5.15658309376292,19.1952505267231
657,1,1,11.9218364910454,-16.9652872397526,-11.1906253497413
658,1,1,-1.36923893110111,7.08677987743091,15.1395360286251
659,1,1,-15.6671952087551,18.150169286699,-11.0205858047498
660,1,1,14.0528679414038,-0.450313438275167,-0.993176371332044
661,1,1,2.31002682767195,-14.7412861959087,14.7024634393439
662,1,1,15.2644558391033,11.274413968079,16.2439989860404
663,1,1,-13.5243265547809,-6.09380183297013,6.27279755239092
664,1,1,16.6945839147863,-5.03781623888065,15.2756444010326
665,1,1,6.66922953786404,-12.9206697426609,8.73364960408722
666,1,1,-16.1224737222598,-14.7650650859303,-10.4153038696437
667,1,1,-13.3598463483401,-1.78775519757798,19.117252919453
668,1,1,-2.50187318642051,16.2711821317718,-9.40245482155938
669,1,1,1.61770801732868,-4.63465193018488,-17.370180848978
670,1,1,12.2514335721899,17.9038554415837,-5.34366206180033
671,1,1,-9.74542431808226,18.1240915546515,-6.93314118780521
672,1,1,0.815192376675284,19.4802238014114,-7.21717587828327
673,1,1,-10.8611737071085,-0.0942190072010654,-9.87077424817671
674,1,1,13.2084948385176,-18.8171288305928,-17.8830588165367
675,1,1,14.4873549795275,14.156549014272,-18.8281286075345
676,1,1,3.01670072961847,-19.9006460561719,-10.5277073292556
677,1,1,18.4578543647917,10.2605679512307,9.19565808125675
678,1,1,-4.10540910876856,-9.4788586486501,9.14433465754639
679,1,1,15.1644279985352,15.2900215856159,12.6925223829678
680,1,1,-18.5392625080257,-1.72951373553167,6.77322109666271
681,1,1,-7.86377832184218,-5.98311725909494,17.4558262981353
682,1,1,-5.35965682136451,7.78576910169926,3.59038762906171
683,1,1,-15.995203141797,14.5103470668021,12.8200739626148
684,1,1,-14.2903135716149,6.5179043867558,5.64491895129823
685,1,1,-14.3948143760874,5.02505040190017,15.6711254625938
686,1,1,16.9485745129562,-1.30814859185235,10.4315450533883
687,1,1,10.2858056621137,-16.4780462759004,11.548071022984
688,1,1,13.434988195954,7.42803458012292,-4.47961223306702
689,1,1,8.17802937435388,-13.2876030933854,8.91875364568105
690,1,1,8.57354723734289,13.3855222381256,-6.76839775022876
691,1,1,18.0246428375711,1.54426512271323,9.68693839249159
692,1,1,5.56899745561634,7.51879833373881,-12.6799343080884
693,1,1,-12.9990339579615,9.65611223689737,-9.69771810518268
694,1,1,14.1899345651215,1.84573257653404,-15.0732706899889
695,1,1,7.5306602925525,2.95272951961636,-3.69029067384051
696,1,1,-8.58552794192929,-3.86721349324637,4.00561679222639
697,1,1,8.5797478698964,-6.04389276624411,14.4277130015262
698,1,1,12.0514425127968,-12.3819425780611,-17.4072756251138
699,1,1,-9.70474274574819,11.2955643038858,9.69539963309661
700,1,1,-10.9336238716472,6.10342675536115,2.02996174995733
701,1,1,-9.46370170588997,-1.09534169323029,-1.16929134830761
702,1,1,8.42824045560731,5.06856482495138,-0.734551964754544
703,1,1,13.6912423478825,-19.8648214164838,-11.6344980058036
704,1,1,-15.0943946579004,12.6381617452516,6.64730048441654
705,1,1,8.20156799396098,3.14564857549925,4.45682109794598
706,1,1,-13.7882890099802,18.4134811312715,19.2293789144228
707,1,1,8.32855464952284,18.2207470924833,-16.8014668802065
708,1,1,-18.4820540386816,7.95740370468599,4.50105182531165
709,1,1,15.9402418745393,11.4052421007158,10.8981726901529
710,1,1,-10.5093603076292,0.714475111926511,-8.7833122852855
711,1,1,1.85626531637849,17.4167012812597,-19.550417932948
712,1,1,11.9984716858534,7.6718797178155,-15.2598938596308
713,1,1,16.0889879977002,9.02314266814852,-17.7952795987867
714,1,1,14.8422634230717,-12.125768700367,9.95754867154814
715,1,1,3.91989090541767,-2.64627164864041,17.3424795714347
716,1,1,-7.45362994400663,19.6905931284562,-18.4740664286938
717,1,1,-18.1177120546967,-5.38944759235346,-14.5393520308929
718,1,1,-3.59441240287335,-6.90797963409676,-12.7658398446737
719,1,1,-14.9901955401559,15.1983180942158,14.5240920295026
720,1,1,-12.7404196826632,13.9118568430018,-5.36669496715646
721,1,1,12.843487146287,4.12961673066341,2.25011440625819
722,1,1,-19.8697836085208,-1.70520736302928,13.1886137104012
723,1,1,-18.0437734792411,-11.9146617433145,3.80160471111188
724,1,1,10.8181911024032,17.176048657103,-17.8859757029202
725,1,1,-7.94745072384812,-19.3212289060495,10.3052589569468
726,1,1,4.82848460162726,-12.6495233919729,9.32397773060816
727,1,1,-15.2055926111082,19.5825590832365,4.61579755611964
728,1,1,14.7538418199212,11.7240335268441,-18.4763632641958
729,1,1,16.0305073687567,-11.6380324630494,-5.00821233042559
730,1,1,-7.86412151682622,13.8462735164842,-4.88618753386918
731,1,1,-3.29662321806376,17.3731796938456,3.49615211713797
732,1,1,6.52092941276491,-15.6987120622185,-11.1441243118417
733,1,1,-15.0223033622025,-13.9281703554889,5.34563313429743
734,1,1,19.2458535106522,1.74528560990033,-11.2996722739229
735,1,1,-8.00232346629607,14.0721348890056,-17.2048301926698
736,1,1,1.67692392192892,-1.36743481167035,6.66827510902036
737,1,1,-19.4776936673785,0.166117012532183,16.0056192896723
738,1,1,13.8041807284829,19.8624095506554,19.8382890949337
739,1,1,-4.45443027628226,-12.4340114414715,6.82297866040822
740,1,1,0.839055721058394,-8.98524945489361,17.3170253975867
741,1,1,-15.2832963443601,-4.93759402152031,2.08468675041447
742,1,1,12.9360875671462,-18.2137100229181,7.65569232635835
743,1,1,14.6099293484113,-15.2871341219037,-0.654568617069152
744,1,1,13.5227853775787,-0.317609152093524,-13.1086894735185
745,1,1,4.70522459559979,-7.73995048110072,-4.98506091129532
746,1,1,-7.29207994321722,-11.191856405652,11.2960068276232
747,1,1,19.953145354435,-18.6902952694743,-10.5216759045868
748,1,1,3.16076070720517,-19.3453036929569,10.9193462009168
749,1,1,7.9408015018636,-6.8976312898214,-16.9417518803223
750,1,1,19.5222420309863,-0.134237989045324,-9.32619052277872
751,1,1,2.3812373961401,11.2958557672232,-14.9949100826229
752,1,1,-3.58386488643054,-6.71129247924665,-4.66885991400281
753,1,1,-19.4683777450563,12.0238171769668,12.8384343060525
754,1,1,19.3562221719878,15.0735232550303,-9.54761992927679
755,1,1,2.91534409368158,-7.30493505252113,-16.5145677801719
756,1,1,-7.43384394833474,7.85340322609805,-18.5048683566562
757,1,1,9.40107796795712,16.9526823407042,-4.64391073220503
758,1,1,-12.201693853831,15.5821134503158,8.12931377758096
759,1,1,-8.42397570610622,3.96763141954946,13.9908220534216
760,1,1,-6.96454149099271,-15.3192988523666,12.4904263990113
761,1,1,7.50439190216938,-14.4639985614918,-18.8651349156141
762,1,1,10.6028974761598,-6.02759211848972,5.52947281731448
763,1,1,5.37748703977877,-17.0832238539322,17.4310564160731
764,1,1,-16.0198403153163,-0.215094277810554,0.471764323962134
765,1,1,6.71934870805678,-17.3743882001033,-13.1784610721704
766,1,1,-6.41986271723164,9.01736294884265,5.384751749179
767,1,1,11.7609987345303,9.72294601666345,7.68251171225221
768,1,1,-4.75803855112858,-3.06066911739676,19.0813209009378
769,1,1,-9.04066409767214,-2.12428204381477,11.8758357012798
770,1,1,14.9866918228157,3.89526780621178,-3.46609155606419
771,1,1,19.4917592179041,-8.32112562209061,10.6625407930983
772,1,1,18.5829255773851,6.55792668751777,-5.18817833617689
773,1,1,8.84239111491658,-15.6138639760263,18.5233624347112
774,1,1,2.5560285580546,-15.6735870030077,1.53244280504371
775,1,1,1.56219643910809,-10.3497180264583,-5.8917818017575
776,1,1,0.933022134073664,-5.20401893342495,10.4203711473512
777,1,1,-3.96470580122823,-15.8370040016808,19.2913080010522
778,1,1,-13.6227187643433,-12.9586264559001,-4.74417372141779
779,1,1,14.3828856530633,-9.92661650416215,19.1555963355651
780,1,1,-19.9637927476583,15.6528317409208,-16.7517251176017
781,1,1,2.78130915503942,9.51040793858922,-3.98123436954738
782,1,1,12.0365362016126,-0.752771851816256,-13.0044359921184
783,1,1,-18.4103753548023,4.05732640080336,-0.683845989786548
784,1,1,-5.04182728596053,-19.4085254461934,-16.7795834847163
785,1,1,6.48460111082935,-11.3127405832722,-18.9490545843
786,1,1,-4.39470674455348,-5.10159683046494,2.48869455850861
787,1,1,3.09428528047728,8.00043152343353,-3.26542030964092
788,1,1,-8.06773177324086,1.90637276635517,-10.659604710486
789,1,1,9.44399444762324,17.8476846142112,-17.4567750709134
790,1,1,17.0315572497894,18.0546123914316,-19.4571309872293
791,1,1,19.1286793116327,6.99360224173028,11.2454875104224
792,1,1,-18.9738693682498,0.801526958586617,6.68363573620708
793,1,1,16.5092988036789,-13.1409824683883,-8.8533440900456
794,1,1,-3.98034145196318,-18.7662822221312,-3.69324882067824
795,1,1,5.71942008492048,-18.5746243930892,-6.9506918553135
796,1,1,12.7246088946902,15.4035444201306,15.9581042801079
797,1,1,0.880128878717361,-10.7061209089338,-3.63745858824052
798,1,1,-19.5905041323426,-18.0621362553568,5.89428832399911
799,1,1,19.9732945069046,-13.9031089895748,8.17398511627184
800,1,1,12.1339270397604,-5.65536997817816,-16.2363563443294
801,1,1,8.3481596472989,9.46290629807013,-5.99064883945998
802,1,1,5.87555636344461,13.0437260307288,8.21551735570818
803,1,1,1.13084078938474,6.49913572109803,-1.62773420401117
804,1,1,-5.75335129816428,8.41453481012691,4.27182794273807
805,1,1,8.57438136673686,-8.67397810066782,-11.5918853771213
806,1,1,18.0836878230625,1.75694067327307,1.43226507959043
807,1,1,11.298373550244,8.60944862418263,-3.92094231740126
808,1,1,14.8339671529914,16.9343445309114,-7.44975749811924
809,1,1,19.8947414406969,4.13215489419643,-5.06363753812474
810,1,1,16.2169583976894,-3.27144964067936,-18.1994564285992
811,1,1,1.45969329666885,-17.7739469987214,-15.2852855410244
812,1,1,17.4090075483752,18.1931467274532,-19.3809403948129
813,1,1,15.6214362533886,-5.30682391837582,-5.58204653195589
814,1,1,2.91967508562298,-15.2720090181863,7.92898515890468
815,1,1,1.4533934120272,6.71800060848656,9.0385733959952
816,1,1,1.09432557415406,-12.0707552061022,-9.65505615179497
817,1,1,8.29310711476902,-9.67331524173468,13.3775740333393
818,1,1,-19.7443665822461,-5.87879454692885,0.0488221995522231
819,1,1,-19.4950286039119,-4.75166390863274,-1.23306895486899
820,1,1,9.66377295236166,-0.494658716339018,-13.0622554775318
821,1,1,-3.38367468638623,8.93588389303763,-13.9136688647613
822,1,1,5.65732488894874,14.5906300206724,-1.25848224442932
823,1,1,-3.7110963695555,0.60516968252616,-8.02913195694837
824,1,1,19.9071580871203,17.4088497733676,2.9729722734548
825,1,1,-3.08422315962097,8.28076525775489,18.4677253587959
826,1,1,-16.1073004626294,-0.848362407676294,17.4611579942723
827,1,1,1.93931718802997,-5.43695092001693,9.36139152641395
828,1,1,-5.90337628785631,5.31480648694969,12.1749019104714
829,1,1,-8.25433873579254,5.20888903566244,-12.1711504329735
830,1,1,10.1935554300929,15.8695502355471,-0.00959121488271109
831,1,1,-5.89956776820253,8.82125971817573,11.1192043802278
832,1,1,-16.0388040965337,-6.61202739474599,9.99179879253179
833,1,1,-6.92699794492869,13.7877562783578,-17.7281664906412
834,1,1,11.1624832861945,0.568208220580463,8.38821894591961
835,1,1,-16.0808442816619,11.4977346967697,-18.2277795531358
836,1,1,-6.91663793056032,-3.69623376293566,-12.2326077223048
837,1,1,10.9062727253641,14.5017492572787,0.0198331769380324
838,1,1,-7.71184419541862,7.42913368524341,-15.4534188600183
839,1,1,-12.4022551789037,-0.295126027528624,1.07990280741749
840,1,1,17.0369081305885,9.31840855757716,-9.44337805867193
841,1,1,2.74957297679935,-16.4279854086095,4.35476947001991
842,1,1,-11.7320437876931,-14.4615784827051,-0.922829635265341
843,1,1,-11.9727128818384,7.70729456074076,7.75430942052754
844,1,1,-7.3563985152859,8.76452256249096,-2.98582456272378
845,1,1,15.3876163520486,14.6268305601269,-11.9926246984143
846,1,1,8.79829511549143,-7.04046422418637,15.5048631610963
847,1,1,1.03364737575902,-0.0290346138458446,9.14476263493868
848,1,1,-17.4787395274282,6.62335414703712,8.92605204761032
849,1,1,-17.817868733076,-16.5186580184031,5.00637704348092
850,1,1,-2.43065736363988,10.8360842898343,-16.7136499682755
851,1,1,2.08872570892325,12.3438092919953,-3.43652337516612
852,1,1,-18.7763927861,-0.76523683306938,-15.359454550824
853,1,1,6.93071603637209,-5.67158076689267,-14.2477451137252
854,1,1,9.55361956299717,17.549032684218,-14.7774406557985
855,1,1,17.6715438939658,-11.6427762217569,15.484876614486
856,1,1,5.51078626870169,-16.1153435641567,-12.5758893614226
857,1,1,-3.35989420795109,2.51147071553063,-8.4858446701753
858,1,1,-9.90947134370881,-13.301577693798,-1.35838190423303
859,1,1,-0.315467884320412,9.55281880483141,12.5659676921496
860,1,1,15.7268276332725,18.1989416534238,-7.02406019081503
861,1,1,5.98030170863795,-11.0181078809692,11.2658878980709
862,1,1,18.4039710468495,-8.54981744594196,1.63362918428432
863,1,1,7.02000400947943,-10.2300314985699,14.2388413874286
864,1,1,11.5832467121658,-0.672862440955001,17.321426807056
865,1,1,-3.78921586662722,-11.9092398237321,-6.13732853623263
866,1,1,-5.98536655821488,-6.94502297258769,1.66964114163934
867,1,1,-7.89593991737972,-13.9725602426803,14.4853869627332
868,1,1,12.6331644809494,-1.53117035497262,-16.3525028224105
869,1,1,0.866390604434486,6.23239996169942,-17.2347112539148
870,1,1,-11.9587392937663,-16.9217537509914,19.7379861759398
871,1,1,-3.97277878759628,-5.97913889292692,5.52591032378459
872,1,1,-10.4717391506971,-11.4911800159036,11.209181240235
873,1,1,-4.07481962996802,15.0466462439014,-6.29877307452902
874,1,1,8.7366807551116,2.15638934012361,-0.12881993945232
875,1,1,-3.35247306881671,15.3617655870562,-4.15648188582111
876,1,1,4.67084659693697,-5.7768295935153,13.2592977650945
877,1,1,-11.9842943885815,19.4468740821748,-4.54766146808363
878,1,1,-18.3496169601878,12.859053155325,17.0189438820092
879,1,1,2.26710312003287,14.4364053071491,-4.33259539009933
880,1,1,-17.8156551335415,-13.2178402271454,4.03918304037082
881,1,1,-2.7693188703627,-7.70364225844919,-7.56075873745933
882,1,1,-3.04528299666237,9.70108151677967,-9.48694600390919
883,1,1,0.767646281878317,13.794710857691,15.4793915540162
884,1,1,-16.8219920505939,19.518276751672,0.804010772020813
885,1,1,13.1376441428003,-13.7418699067568,4.09721306188615
886,1,1,-9.07310466830666,14.8461751020223,4.3156736113147
887,1,1,-0.266328033660411,10.850860859876,14.3219631135989
888,1,1,-15.9409395572365,8.11207338319132,0.238244275341142
889,1,1,-4.98231695868995,-0.167556884345956,9.06613299629569
890,1,1,-10.865062399888,-10.9997055548174,16.4387381064657
891,1,1,-0.604661511170526,8.26397012505087,15.9715603700311
892,1,1,-0.624972253029629,-15.288545930998,16.2218850421055
893,1,1,-1.12232872855609,-9.11739778115499,8.33782562659769
894,1,1,18.1452966630187,-1.59002668594344,19.1001580091705
895,1,1,11.0080775548073,-16.0544157467217,7.31046634197834
896,1,1,-13.8931572735966,-7.03206459053272,0.8560922216055
897,1,1,1.43756773730605,-0.782974422387515,10.8065804698783
898,1,1,8.92518149130222,-9.75819863871742,11.2138225131747
899,1,1,-16.581904644345,-12.5936124950961,-6.31711374006851
900,1,1,-15.1826505430543,5.37353087731623,-15.0585274241037
901,1,1,1.55269540888703,19.4950149436819,2.55352146135161
902,1,1,8.2020249626948,13.2564243835793,-11.1898698602818
903,1,1,-5.28786404134971,4.02773579972067,-6.22553932410605
904,1,1,-16.1378496169,-11.8609390593565,-19.5037507225009
905,1,1,5.30778162603082,-9.3250774093087,-18.5720774233174
906,1,1,0.437219416171644,2.13108752722957,-11.9157834808177
907,1,1,-12.7758545936116,-18.4464761042397,11.3911342925847
908,1,1,10.7132901609312,18.7970048553357,5.77203876604372
909,1,1,-7.17983399541276,-11.6017935839039,-16.2644689795111
910,1,1,-16.2354326106413,-1.23124599710032,-11.5070166514588
911,1,1,16.0722746440627,8.37657348031082,1.1705740514245
912,1,1,8.20621784397385,-3.95089524076409,4.1338758355872
913,1,1,-5.62042547821159,-9.71479458118527,-19.3903637869409
914,1,1,-1.21136938733056,-9.37325535178866,-7.4227282656361
915,1,1,-12.1640986775554,-7.42167706353655,-8.79934882155193
916,1,1,14.7399447889881,18.6749762963726,11.921868743477
917,1,1,15.9922077101398,3.36347850840441,4.48723771406661
918,1,1,18.7261833630315,-12.981674847441,-0.119253071122628
919,1,1,11.5758664593354,-18.1059509095046,-3.54871384319268
920,1,1,12.0114198941826,-7.06280852804751,1.5665095980617
921,1,1,-19.9531328996592,-6.58728428102024,-15.4281192474927
922,1,1,0.617664475794186,-1.42185984981461,0.671076354283645
923,1,1,-10.3374060687248,2.13250255528407,-14.3248255326881
924,1,1,-19.930863190158,14.5675706528373,-4.07965129930777
925,1,1,-4.61352502432658,-10.8894269988507,-7.36905290836639
926,1,1,-16.6940467617945,1.59051852396273,-8.51451892333401
927,1,1,0.41661267240622,0.940439800909996,-6.55588999934973
928,1,1,1.08431411698826,-12.7635335978573,18.4473431676498
929,1,1,15.7543483437963,-12.5428578923135,2.02340059277055
930,1,1,-2.71711033699744,19.7534083649213,15.2516561202288
931,1,1,1.83685946884485,14.712568279542,-5.56261473462032
932,1,1,3.58875740871397,5.76985567085023,-2.83220055331988
933,1,1,17.2068359983499,2.47043942761879,10.0994633813427
934,1,1,-14.2541198855187,-15.9108460262078,-3.6737393842067
935,1,1,-19.0952381747598,4.91412883882884,1.48838765191901
936,1,1,-13.4014390122612,-10.4268455201902,-12.7730616806525
937,1,1,16.2934992604635,1.77376045628895,-6.52579915867248
938,1,1,19.4047359966217,15.0813020237582,-3.26410441896136
939,1,1,-10.0149037323782,13.5127981219485,2.98514545107941
940,1,1,18.2628673678708,-1.56409235605242,-13.9098279665697
941,1,1,8.72506041068383,-13.8042810107374,-8.28864468002674
942,1,1,17.2860917866214,-3.22009661411163,16.396925503124
943,1,1,-10.4436729425847,7.16848834000901,10.7254986311253
944,1,1,5.42861288076437,-6.21590335610074,-17.4101804645502
945,1,1,4.52254273113516,-13.6170465031639,19.7644244437106
946,1,1,3.44868390185543,-2.56817027439807,5.26182673527579
947,1,1,15.3955804678622,-12.1565202719692,19.451846949421
948,1,1,4.00837622992574,14.4130990854654,17.7764623453664
949,1,1,1.6755171588778,-8.89035601339041,-14.4760756058785
950,1,1,14.7495854955087,7.75921357430098,8.81158531004148
951,1,1,-2.84387854476468,-6.50683944045513,19.019795315404
952,1,1,-19.1159814945753,6.16347184694949,-15.9541794924331
953,1,1,-3.17698139818751,-2.27928770615458,-3.72563415156677
954,1,1,2.33676955898782,9.37196252252136,-11.1924817854465
955,1,1,8.99251824382029,0.382492775396987,4.45556221212246
956,1,1,5.89158844928079,8.4224063384781,-18.2415513163155
957,1,1,-8.48321870588025,-1.31254448012781,-17.0161788998299
958,1,1,-9.60077775169571,-2.09487360654549,16.8561780426091
959,1,1,6.4086743543396,1.73452870005079,6.15561059084538
960,1,1,-19.8428558200861,-16.1649870781484,4.65837555043819
961,1,1,-14.2645282429635,-19.3909230503847,6.53649181340159
962,1,1,9.20908812992398,3.72953252789171,18.0900358556268
963,1,1,3.70522208350126,10.2307678527003,-9.58692554623148
964,1,1,-10.6767656902466,-13.2468949128798,-6.26594181883014
965,1,1,-2.75973355715026,-11.6992851788415,6.27935697938899
966,1,1,-2.2784270934792,15.8420957924647,-17.1791847389672
967,1,1,10.78171825388,1.86157094435402,-6.68847993477594
968,1,1,19.4364714723806,12.2759216798085,-2.30437324548186
969,1,1,8.85300385838829,-1.30339018973941,-2.12015212552761
970,1,1,13.6231009422248,-18.1632731582335,7.96977727548177
971,1,1,-15.2002663349665,2.12229778251583,-12.0026958328012
972,1,1,-12.3292291317358,5.16315744790289,12.7592250680389
973,1,1,9.67920395809129,3.53435978922029,3.91478398860575
974,1,1,-3.89890531687406,-8.27909810267031,2.56089060824221
975,1,1,-3.07122403864996,-10.4354460241458,-3.10033391721018
976,1,1,-0.465172231131142,-1.31581438838526,-7.97970863791651
977,1,1,14.2718963329782,-3.89501291744672,-14.9029934918559
978,1,1,8.2595225595096,16.8110560816581,2.56963655686452
979,1,1,-18.0188429570791,-18.796609391366,9.99425628934193
980,1,1,-1.0669804014387,9.61956443319231,-2.0955841401498
981,1,1,13.7314121803887,6.32249847490623,15.9053000621427
982,1,1,17.8813421899849,7.69434488664336,-7.69822244754018
983,1,1,15.5652790968849,-18.2372811088356,4.07160653407271
984,1,1,17.7623812979079,-10.4883346099169,-12.9680823475383
985,1,1,-13.4296945198783,15.1972259733777,-18.1047295326336
986,1,1,-12.3182200646752,-10.2928789077848,-19.1599996660777
987,1,1,-2.6811456614355,13.143053982869,-8.91912361367496
988,1,1,-3.70585557027392,-4.10191308603311,-5.18177119740004
989,1,1,-8.00775092749014,-4.86099383177539,15.7397820993109
990,1,1,-16.2193879775682,-13.4594701507921,-13.3018037338427
991,1,1,-10.6966809334561,0.158347831745203,7.04112137501181
992,1,1,9.16028792619674,-14.1876994090579,11.480410797277
993,1,1,8.91213994206254,-5.99666913852585,-13.6555376171908
994,1,1,-15.6703027280568,-19.8788354934689,7.35299459842887
995,1,1,-3.87459816304151,-9.7953330251644,-6.20658095342757
996,1,1,18.9638871738397,-1.50619034019753,5.95083046890045
997,1,1,15.8187059930907,5.39626550203868,8.41433250453769
998,1,1,19.8530317852732,-2.76208667560228,-0.542733152870035
999,1,1,-4.07035021695619,16.5740510973816,3.03070892831635
1000,1,1,-15.6576551431513,9.32566986246681,-13.1666063785226
