# DATE: 2021-05-17 UNITS: lj Created by pair_write
# Pair potential lj/smooth for atom types 1 1: i,r,energy,force

LJ
N 1000 R 1 3.1

1 1 0 24
2 1.0021021021021 -0.0494543042196141 23.0575909029127
3 1.0042042042042 -0.0969609487968448 22.1467631254919
4 1.00630630630631 -0.142585212247049 21.2664679613085
5 1.00840840840841 -0.186390206531565 20.4156925779012
6 1.01051051051051 -0.228436951114127 19.5934587363793
7 1.01261261261261 -0.26878444437642 18.7988215589006
8 1.01471471471471 -0.307489732491427 18.0308683421472
9 1.01681681681682 -0.344607975849324 17.2887174149995
10 1.01891891891892 -0.380192513127042 16.5715170386847
11 1.02102102102102 -0.414294923088991 15.8784443477418
12 1.02312312312312 -0.446965084203127 15.208704330218
13 1.02522522522523 -0.478251232153151 14.5615288455718
14 1.02732732732733 -0.508200015324599 13.936175678823
15 1.02942942942943 -0.536856548339518 13.3319276295475
16 1.03153153153153 -0.564264463711565 12.7480916343715
17 1.03363363363363 -0.590465961690573 12.1839979216751
18 1.03573573573574 -0.615501858362968 11.6389991972669
19 1.03783783783784 -0.639411632071911 11.1124698598403
20 1.03993993993994 -0.662233468218552 10.6038052450706
21 1.04204204204204 -0.684004302503421 10.1124208972591
22 1.04414414414414 -0.704759862664794 9.63775186747071
23 1.04624624624625 -0.724534708768597 9.17925203715802
24 1.04834834834835 -0.743362272102473 8.73639346630095
25 1.05045045045045 -0.761274892724484 8.30866576513296
26 1.05255255255255 -0.778303855715162 7.89557548855889
27 1.05465465465465 -0.794479426179615 7.49664555240814
28 1.05675675675676 -0.809830883044802 7.11141467069716
29 1.05885885885886 -0.824386551695237 6.73943681311119
30 1.06096096096096 -0.838173835488863 6.38028068194397
31 1.06306306306306 -0.851219246193195 6.03352920776571
32 1.06516516516517 -0.863548433380384 5.69877906311694
33 1.06726726726727 -0.875186212818364 5.37564019355458
34 1.06936936936937 -0.886156593893882 5.0637353654018
35 1.07147147147147 -0.896482806101851 4.76269972958014
36 1.07357357357357 -0.906187324634226 4.47218040092441
37 1.07567567567568 -0.915291895100311 4.1918360524064
38 1.07777777777778 -0.923817557409276 3.92133652371426
39 1.07987987987988 -0.931784668844488 3.66036244365645
40 1.08198198198198 -0.939212926358168 3.40860486588008
41 1.08408408408408 -0.946121388113869 3.16576491741181
42 1.08618618618619 -0.952528494303201 2.93155345955032
43 1.08828828828829 -0.958452087262306 2.7056907606558
44 1.09039039039039 -0.963909430912621 2.48790618040078
45 1.09249249249249 -0.968917229549587 2.277937865062
46 1.09459459459459 -0.973491646002071 2.07553245345021
47 1.0966966966967 -0.97764831918447 1.8804447930897
48 1.0987987987988 -0.98140238106264 1.69243766627414
49 1.1009009009009 -0.984768473054024 1.51128152563971
50 1.103003003003 -0.987760761881634 1.33675423890994
51 1.10510510510511 -0.990392954900807 1.16864084248012
52 1.10720720720721 -0.992678314916979 1.00673330352139
53 1.10930930930931 -0.994629674512059 0.850830290296877
54 1.11141141141141 -0.996259449896363 0.700736950393821
55 1.11351351351351 -0.997579654302428 0.556264696586829
56 1.11561561561562 -0.998601910936478 0.417231000058021
57 1.11771771771772 -0.999337465502713 0.283459190710322
58 1.11981981981982 -0.99979719831507 0.154778264319805
59 1.12192192192192 -0.999991636010568 0.0310226962824836
60 1.12402402402402 -0.999930962877862 -0.0879677382794372
61 1.12612612612613 -0.999625031814118 -0.202348138278842
62 1.12822822822823 -0.999083374922883 -0.312268644510349
63 1.13033033033033 -0.998315213765154 -0.417874601792513
64 1.13243243243243 -0.997329469275428 -0.51930671560784
65 1.13453453453453 -0.996134771354087 -0.616701203435155
66 1.13663663663664 -0.994739468147083 -0.710189940962185
67 1.13873873873874 -0.993151635023492 -0.799900603358752
68 1.14084084084084 -0.991379083261133 -0.885956801784684
69 1.14294294294294 -0.989429368450098 -0.968478215299874
70 1.14504504504505 -0.987309798623681 -1.0475807183381
71 1.14714714714715 -0.985027442125876 -1.12337650389993
72 1.14924924924925 -0.982589135224269 -1.19597420261467
73 1.15135135135135 -0.980001489476874 -1.26547899781558
74 1.15345345345345 -0.977270898861132 -1.33199273676745
75 1.15555555555556 -0.974403546673026 -1.39561403818067
76 1.15765765765766 -0.971405412203979 -1.45643839614077
77 1.15975975975976 -0.968282277202942 -1.51455828057791
78 1.16186186186186 -0.965039732130814 -1.5700632343964
79 1.16396396396396 -0.961683182214093 -1.62303996737965
80 1.16606606606607 -0.958217853304428 -1.67357244698213
81 1.16816816816817 -0.954648797550482 -1.72174198611572
82 1.17027027027027 -0.950980898888341 -1.76762732803388
83 1.17237237237237 -0.947218878356439 -1.81130472841365
84 1.17447447447447 -0.943367299240806 -1.85284803473158
85 1.17657657657658 -0.939430572056221 -1.89232876302643
86 1.17867867867868 -0.935412959368665 -1.92981617213809
87 1.18078078078078 -0.931318580464302 -1.96537733550906
88 1.18288288288288 -0.927151415870003 -1.99907721063165
89 1.18498498498498 -0.922915311730305 -2.0309787062211
90 1.18708708708709 -0.918613984045467 -2.0611427471921
91 1.18918918918919 -0.9142510227752 -2.08962833751333
92 1.19129129129129 -0.909829895812429 -2.11649262101192
93 1.19339339339339 -0.905353952831328 -2.14179094019749
94 1.1954954954955 -0.900826429013735 -2.16557689317252
95 1.1975975975976 -0.896250448657877 -2.18790238869393
96 1.1996996996997 -0.891629028673249 -2.20881769944806
97 1.2018018018018 -0.886965081965321 -2.22837151359932
98 1.2039039039039 -0.882261420713651 -2.24661098467049
99 1.20600600600601 -0.87752075954685 -2.26358177981085
100 1.20810810810811 -0.872745718617727 -2.27932812650596
101 1.21021021021021 -0.867938826581841 -2.29389285778156
102 1.21231231231231 -0.863102523482559 -2.30731745595167
103 1.21441441441441 -0.858239163545652 -2.31964209495976
104 1.21651651651652 -0.853351017886314 -2.33090568135964
105 1.21861861861862 -0.848440277131425 -2.34114589398159
106 1.22072072072072 -0.843509053959778 -2.35039922232732
107 1.22282282282282 -0.838559385562896 -2.35870100373598
108 1.22492492492492 -0.833593236028975 -2.36608545936198
109 1.22702702702703 -0.828612498652412 -2.37258572900401
110 1.22912912912913 -0.823618998171296 -2.37823390482311
111 1.23123123123123 -0.818614492935154 -2.38306106398666
112 1.23333333333333 -0.813600677005171 -2.38709730027351
113 1.23543543543544 -0.808579182189041 -2.39037175467457
114 1.23753753753754 -0.803551580012514 -2.39291264502195
115 1.23963963963964 -0.798519383629653 -2.39474729467834
116 1.24174174174174 -0.793484049673746 -2.39590216031772
117 1.24384384384384 -0.788446980050746 -2.39640285882687
118 1.24594594594595 -0.783409523677066 -2.39627419335672
119 1.24804804804805 -0.778372978163469 -2.39554017855108
120 1.25015015015015 -0.773338591446782 -2.39422406497971
121 1.25225225225225 -0.768307563371047 -2.39234836280162
122 1.25435435435435 -0.763281047219724 -2.38993486468361
123 1.25645645645646 -0.758260151200483 -2.3870046679983
124 1.25855855855856 -0.753245939884054 -2.38357819632497
125 1.26066066066066 -0.748239435598615 -2.37967522027587
126 1.26276276276276 -0.743241619781075 -2.37531487766979
127 1.26486486486486 -0.738253434286617 -2.37051569307396
128 1.26696696696697 -0.733275782657823 -2.36529559673476
129 1.26906906906907 -0.728309531354611 -2.35967194291686
130 1.27117117117117 -0.723355510946239 -2.35366152766986
131 1.27327327327327 -0.718414517266544 -2.34728060604086
132 1.27537537537538 -0.713487312533562 -2.34054490875081
133 1.27747747747748 -0.708574626434644 -2.33346965835163
134 1.27957957957958 -0.703677157178143 -2.32606958488106
135 1.28168168168168 -0.698795572512694 -2.31835894103101
136 1.28378378378378 -0.693930510715123 -2.31035151684514
137 1.28588588588589 -0.689082581547929 -2.30206065396064
138 1.28798798798799 -0.6842523671873 -2.29349925940873
139 1.29009009009009 -0.679440423122569 -2.28467981898801
140 1.29219219219219 -0.674647279027999 -2.27561441022406
141 1.29429429429429 -0.669873439607738 -2.26631471492871
142 1.2963963963964 -0.665119385414795 -2.25679203137144
143 1.2984984984985 -0.660385573644826 -2.24705728607532
144 1.3006006006006 -0.655672438905493 -2.23712104524935
145 1.3027027027027 -0.650980393962186 -2.22699352586872
146 1.3048048048048 -0.646309830460797 -2.21668460641407
147 1.30690690690691 -0.641661119628269 -2.20620383728054
148 1.30900900900901 -0.637034612951615 -2.195560450867
149 1.31111111111111 -0.632430642836035 -2.18476337135553
150 1.31321321321321 -0.627849523242814 -2.17382122419087
151 1.31531531531532 -0.623291550307587 -2.16274234526935
152 1.31741741741742 -0.618757002939585 -2.15153478984627
153 1.31951951951952 -0.614246143402453 -2.14020634117065
154 1.32162162162162 -0.609759217877192 -2.12876451885589
155 1.32372372372372 -0.605296457007768 -2.11721658699456
156 1.32582582582583 -0.600858076429943 -2.10556956202528
157 1.32792792792793 -0.596444277283799 -2.09383022035952
158 1.33003003003003 -0.592055246710496 -2.08200510577576
159 1.33213213213213 -0.587691158333715 -2.07010053658814
160 1.33423423423423 -0.583352172726263 -2.05812261259687
161 1.33633633633634 -0.579038437862293 -2.04607722182687
162 1.33843843843844 -0.574750089555576 -2.03397004706152
163 1.34054054054054 -0.570487251884242 -2.02180657217758
164 1.34264264264264 -0.566250037602422 -2.00959208828769
165 1.34474474474474 -0.562038548539157 -1.99733169969622
166 1.34684684684685 -0.557852875984989 -1.98503032967436
167 1.34894894894895 -0.5536931010666 -1.97269272605998
168 1.35105105105105 -0.549559295109849 -1.96032346668765
169 1.35315315315315 -0.545451519991576 -1.94792696465406
170 1.35525525525526 -0.541369828480502 -1.935507473424
171 1.35735735735736 -0.537314264567563 -1.92306909178166
172 1.35945945945946 -0.533284863785991 -1.91061576863205
173 1.36156156156156 -0.529281653521457 -1.89815130765725
174 1.36366366366366 -0.525304653312572 -1.8856793718318
175 1.36576576576577 -0.521353875142046 -1.8732034878016
176 1.36786786786787 -0.517429323718775 -1.86072705013048
177 1.36996996996997 -0.513530996751143 -1.84825332541862
178 1.37207207207207 -0.509658885211795 -1.83578545629644
179 1.37417417417417 -0.50581297359414 -1.82332646529815
180 1.37627627627628 -0.501993240160839 -1.81087925861825
181 1.37837837837838 -0.498199657184515 -1.79844662975485
182 1.38048048048048 -0.494432191180916 -1.7860312630431
183 1.38258258258258 -0.49069080313477 -1.77363573708202
184 1.38468468468468 -0.486975448718539 -1.76126252805823
185 1.38678678678679 -0.483286078504299 -1.74891401296937
186 1.38888888888889 -0.479622638168939 -1.73659247275051
187 1.39099099099099 -0.475985068692891 -1.72430009530641
188 1.39309309309309 -0.472373306552587 -1.71203897845242
189 1.3951951951952 -0.468787283906816 -1.69981113276692
190 1.3972972972973 -0.465226928777189 -1.68761848435783
191 1.3993993993994 -0.461692165222864 -1.67546287754589
192 1.4015015015015 -0.458182913509727 -1.66334607746722
193 1.4036036036036 -0.454699090274175 -1.6512697725975
194 1.40570570570571 -0.451240608681683 -1.63923557720026
195 1.40780780780781 -0.447807378580289 -1.62724503370149
196 1.40990990990991 -0.444399306649181 -1.61529961499282
197 1.41201201201201 -0.441016296542495 -1.60340072666537
198 1.41411411411411 -0.437658249028508 -1.59154970917643
199 1.41621621621622 -0.434325062124328 -1.57974783995094
200 1.41831831831832 -0.431016631226249 -1.56799633541978
201 1.42042042042042 -0.427732849235869 -1.5562963529966
202 1.42252252252252 -0.424473606682135 -1.54464899299533
203 1.42462462462462 -0.421238791839399 -1.53305530048985
204 1.42672672672673 -0.418028290841638 -1.52151626711775
205 1.42882882882883 -0.414841987792932 -1.5100328328297
206 1.43093093093093 -0.411679764874326 -1.49860588758626
207 1.43303303303303 -0.408541502447171 -1.4872362730035
208 1.43513513513514 -0.405427079153066 -1.47592478394904
209 1.43723723723724 -0.402336372010492 -1.46467217009
210 1.43933933933934 -0.399269256508243 -1.45347913739434
211 1.44144144144144 -0.396225606695747 -1.44234634958687
212 1.44354354354354 -0.393205295270373 -1.43127442956131
213 1.44564564564565 -0.390208193661816 -1.42026396074983
214 1.44774774774775 -0.387234172113648 -1.40931548845117
215 1.44984984984985 -0.384283099762114 -1.39842952111868
216 1.45195195195195 -0.38135484471227 -1.38760653160943
217 1.45405405405405 -0.378449274111523 -1.37684695839552
218 1.45615615615616 -0.375566254220679 -1.36615120673885
219 1.45825825825826 -0.372705650482545 -1.35551964983023
220 1.46036036036036 -0.369867327588181 -1.34495262989401
221 1.46246246246246 -0.367051149540864 -1.33445045925934
222 1.46456456456456 -0.36425697971783 -1.32401342139881
223 1.46666666666667 -0.361484680929873 -1.31364177193563
224 1.46876876876877 -0.358734115478853 -1.30333573962028
225 1.47087087087087 -0.356005145213187 -1.29309552727741
226 1.47297297297297 -0.353297631581375 -1.28292131272397
227 1.47507507507507 -0.350611435683632 -1.27281324965939
228 1.47717717717718 -0.347946418321669 -1.26277146852865
229 1.47927927927928 -0.345302440046698 -1.25279607735905
230 1.48138138138138 -0.342679361205692 -1.2428871625714
231 1.48348348348348 -0.340077041985981 -1.23304478976648
232 1.48558558558559 -0.337495342458206 -1.22326900448741
233 1.48768768768769 -0.334934122617707 -1.21355983295869
234 1.48978978978979 -0.332393242424368 -1.20391728280264
235 1.49189189189189 -0.329872561840996 -1.19434134373377
236 1.49399399399399 -0.327371940870248 -1.18483198823193
237 1.4960960960961 -0.324891239590173 -1.17538917219463
238 1.4981981981982 -0.322430318188402 -1.16601283556943
239 1.5003003003003 -0.319989036995027 -1.15670290296666
240 1.5024024024024 -0.317567256514215 -1.14745928425339
241 1.5045045045045 -0.315164837454592 -1.13828187512889
242 1.50660660660661 -0.312781640758438 -1.12917055768238
243 1.50870870870871 -0.310417527629721 -1.12012520093343
244 1.51081081081081 -0.30807235956102 -1.11114566135558
245 1.51291291291291 -0.305745998359364 -1.10223178338368
246 1.51501501501502 -0.303438306171015 -1.09338339990544
247 1.51711711711712 -0.301149145505242 -1.08460033273761
248 1.51921921921922 -0.298878379257103 -1.07588239308728
249 1.52132132132132 -0.296625870729279 -1.06722938199873
250 1.52342342342342 -0.294391483652974 -1.05864109078627
251 1.52552552552553 -0.292175082207932 -1.05011730145343
252 1.52762762762763 -0.289976531041575 -1.04165778709903
253 1.52972972972973 -0.28779569528731 -1.03326231231029
254 1.53183183183183 -0.285632440582015 -1.02493063354366
255 1.53393393393393 -0.283486633082747 -1.01666249949345
256 1.53603603603604 -0.281358139482675 -1.0084576514488
257 1.53813813813814 -0.279246827026284 -1.0003158236393
258 1.54024024024024 -0.277152563523864 -0.992236743569517
259 1.54234234234234 -0.275075217365299 -0.984220132342857
260 1.54444444444444 -0.273014657533197 -0.976265704975022
261 1.54654654654655 -0.270970753615363 -0.968373170697379
262 1.54864864864865 -0.268943375816649 -0.960542233250549
263 1.55075075075075 -0.266932394970195 -0.952772591168489
264 1.55285285285285 -0.264937682548087 -0.94506393805337
265 1.55495495495496 -0.262959110671437 -0.937415962841495
266 1.55705705705706 -0.260996552119925 -0.929828350060558
267 1.55915915915916 -0.259049880340802 -0.922300780078462
268 1.56126126126126 -0.257118969457374 -0.914832929343972
269 1.56336336336336 -0.255203694277005 -0.907424470619451
270 1.56546546546547 -0.25330393029862 -0.900075073205874
271 1.56756756756757 -0.251419553719755 -0.892784403160401
272 1.56966966966967 -0.249550441443151 -0.88555212350669
273 1.57177177177177 -0.247696471082919 -0.878377894438188
274 1.57387387387387 -0.245857520970279 -0.871261373514599
275 1.57597597597598 -0.244033470158898 -0.864202215851731
276 1.57807807807808 -0.242224198429832 -0.857200074304928
277 1.58018018018018 -0.240429586296088 -0.850254599646271
278 1.58228228228228 -0.23864951500683 -0.843365440735734
279 1.58438438438438 -0.236883866551214 -0.836532244686474
280 1.58648648648649 -0.235132523661897 -0.82975465702444
281 1.58858858858859 -0.233395369818212 -0.823032321842459
282 1.59069069069069 -0.231672289249018 -0.816364881948965
283 1.59279279279279 -0.229963166935251 -0.809751979011545
284 1.59489489489489 -0.228267888612177 -0.803193253695437
285 1.596996996997 -0.226586340771356 -0.796688345797146
286 1.5990990990991 -0.224918410662333 -0.790236894373326
287 1.6012012012012 -0.223263986294059 -0.783838537865052
288 1.6033033033033 -0.221622956436062 -0.777492914217644
289 1.60540540540541 -0.219995210619365 -0.771199660996163
290 1.60750750750751 -0.21838063913717 -0.764958415496712
291 1.60960960960961 -0.216779133045304 -0.758768814853665
292 1.61171171171171 -0.215190584162458 -0.752630496142966
293 1.61381381381381 -0.213614885070197 -0.746543096481578
294 1.61591591591592 -0.212051929112779 -0.740506253123252
295 1.61801801801802 -0.210501610396764 -0.734519603550674
296 1.62012012012012 -0.208963823790443 -0.728582785564139
297 1.62222222222222 -0.207438464923079 -0.722695437366835
298 1.62432432432432 -0.205925430183975 -0.716857197646861
299 1.62642642642643 -0.204424616721365 -0.71106770565605
300 1.62852852852853 -0.202935922441159 -0.705326601285722
301 1.63063063063063 -0.201459246005511 -0.699633525139449
302 1.63273273273273 -0.199994486831256 -0.693988118602921
303 1.63483483483483 -0.198541545088192 -0.688390023911012
304 1.63693693693694 -0.197100321697224 -0.682838884212116
305 1.63903903903904 -0.195670718328383 -0.677334343629858
306 1.64114114114114 -0.194252637398713 -0.671876047322241
307 1.64324324324324 -0.192845982070032 -0.666463641538331
308 1.64534534534535 -0.191450656246585 -0.661096773672523
309 1.64744744744745 -0.190066564572582 -0.655775092316503
310 1.64954954954955 -0.188693612429625 -0.650498247308941
311 1.65165165165165 -0.18733170593404 -0.645265889783024
312 1.65375375375375 -0.185980751934105 -0.640077672211847
313 1.65585585585586 -0.184640658007189 -0.634933248451787
314 1.65795795795796 -0.1833113324568 -0.629832273783872
315 1.66006006006006 -0.181992684309548 -0.624774404953241
316 1.66216216216216 -0.180684623312028 -0.619759300206742
317 1.66426426426426 -0.179387059927626 -0.614786619328728
318 1.66636636636637 -0.178099905333249 -0.609856023675111
319 1.66846846846847 -0.176823071415988 -0.604967176205729
320 1.67057057057057 -0.175556470769715 -0.600119741515081
321 1.67267267267267 -0.174300016691614 -0.595313385861467
322 1.67477477477477 -0.173053623178655 -0.590547777194622
323 1.67687687687688 -0.171817204924012 -0.585822585181843
324 1.67897897897898 -0.170590677313423 -0.581137481232697
325 1.68108108108108 -0.169373956421507 -0.576492138522343
326 1.68318318318318 -0.168166959008025 -0.571886232013499
327 1.68528528528529 -0.166969602514105 -0.567319438477123
328 1.68738738738739 -0.165781805058415 -0.56279143651184
329 1.68948948948949 -0.164603485433307 -0.55830190656214
330 1.69159159159159 -0.163434563100914 -0.553850530935417
331 1.69369369369369 -0.162274958189222 -0.549436993817864
332 1.6957957957958 -0.161124591488098 -0.545060981289276
333 1.6978978978979 -0.159983384445304 -0.540722181336786
334 1.7 -0.158851259162465 -0.53642028386758
335 1.7021021021021 -0.157728138391026 -0.532154980720618
336 1.7042042042042 -0.156613945528177 -0.527925965677404
337 1.70630630630631 -0.155508604612762 -0.523732934471822
338 1.70840840840841 -0.154412040321162 -0.519575584799086
339 1.71051051051051 -0.153324177963164 -0.515453616323824
340 1.71261261261261 -0.152244943477817 -0.511366730687332
341 1.71471471471471 -0.151174263429266 -0.50731463151402
342 1.71681681681682 -0.150112065002576 -0.503297024417083
343 1.71891891891892 -0.149058275999552 -0.499313617003431
344 1.72102102102102 -0.148012824834539 -0.495364118877881
345 1.72312312312312 -0.146975640530217 -0.491448241646667
346 1.72522522522523 -0.145946652713395 -0.487565698920271
347 1.72732732732733 -0.144925791610794 -0.483716206315607
348 1.72942942942943 -0.143912988044825 -0.479899481457579
349 1.73153153153153 -0.142908173429371 -0.476115243980043
350 1.73363363363363 -0.14191127976556 -0.47236321552618
351 1.73573573573574 -0.140922239637543 -0.468643119748317
352 1.73783783783784 -0.139940986208271 -0.464954682307211
353 1.73993993993994 -0.138967453215274 -0.461297630870811
354 1.74204204204204 -0.138001574966444 -0.45767169511252
355 1.74414414414414 -0.13704328633582 -0.454076606708988
356 1.74624624624625 -0.136092522759383 -0.450512099337431
357 1.74834834834835 -0.13514922023085 -0.446977908672515
358 1.75045045045045 -0.13421331529748 -0.443473772382814
359 1.75255255255255 -0.13328474505589 -0.439999430126849
360 1.75465465465465 -0.13236344714787 -0.436554623548751
361 1.75675675675676 -0.13144935975622 -0.433139096273526
362 1.75885885885886 -0.130542421600587 -0.429752593901976
363 1.76096096096096 -0.129642571933322 -0.426394864005262
364 1.76306306306306 -0.128749750535338 -0.423065656119137
365 1.76516516516517 -0.127863897711992 -0.419764721737859
366 1.76726726726727 -0.126984954288972 -0.416491814307796
367 1.76936936936937 -0.126112861608201 -0.413246689220748
368 1.77147147147147 -0.125247561523754 -0.410029103806972
369 1.77357357357357 -0.124388996397792 -0.406838817327957
370 1.77567567567568 -0.12353710909651 -0.403675590968929
371 1.77777777777778 -0.1226918429861 -0.400539187831118
372 1.77987987987988 -0.121853141928734 -0.397429372923792
373 1.78198198198198 -0.121020950278559 -0.394345913156065
374 1.78408408408408 -0.120195212877713 -0.391288577328497
375 1.78618618618619 -0.11937587505236 -0.388257136124487
376 1.78828828828829 -0.118562882608738 -0.385251362101477
377 1.79039039039039 -0.117756181829232 -0.382271029681972
378 1.79249249249249 -0.11695571946846 -0.379315915144387
379 1.79459459459459 -0.116161442749384 -0.376385796613731
380 1.7966966966967 -0.115373299359437 -0.373480454052132
381 1.7987987987988 -0.114591237446673 -0.370599669249211
382 1.8009009009009 -0.113815205615933 -0.367743225812327
383 1.803003003003 -0.113045152925035 -0.364910909156683
384 1.80510510510511 -0.112281028880986 -0.362102506495303
385 1.80720720720721 -0.111522783436211 -0.359317806828904
386 1.80930930930931 -0.110770366984808 -0.356556600935647
387 1.81141141141141 -0.110023730358822 -0.353818681360792
388 1.81351351351351 -0.109282824824539 -0.351103842406256
389 1.81561561561562 -0.108547602078808 -0.348411880120074
390 1.81771771771772 -0.10781801424538 -0.345742592285786
391 1.81981981981982 -0.107094013871268 -0.34309577841174
392 1.82192192192192 -0.10637555392314 -0.340471239720325
393 1.82402402402402 -0.105662587783719 -0.337868779137134
394 1.82612612612613 -0.10495506924822 -0.335288201280077
395 1.82822822822823 -0.104252952520801 -0.332729312448419
396 1.83033033033033 -0.103556192211042 -0.330191920611791
397 1.83243243243243 -0.102864743330443 -0.327675835399131
398 1.83453453453453 -0.102178561288951 -0.325180868087605
399 1.83663663663664 -0.101497601891503 -0.322706831591476
400 1.83873873873874 -0.100821821334601 -0.320253540450949
401 1.84084084084084 -0.100151176202901 -0.317820810820986
402 1.84294294294294 -0.0994856234658327 -0.315408460460095
403 1.84504504504505 -0.0988251204742425 -0.313016308719104
404 1.84714714714715 -0.0981696249570541 -0.310644176529911
405 1.84924924924925 -0.0975190950179595 -0.308291886394231
406 1.85135135135135 -0.0968734891321299 -0.305959262372329
407 1.85345345345345 -0.0962327661429516 -0.303646130071742
408 1.85555555555556 -0.0955968852587853 -0.301352316636013
409 1.85765765765766 -0.0949658060497492 -0.29907765073341
410 1.85975975975976 -0.0943394884445254 -0.296821962545662
411 1.86186186186186 -0.0937178927271906 -0.294585083756692
412 1.86396396396396 -0.0931009795340699 -0.292366847541369
413 1.86606606606607 -0.0924887098506148 -0.290167088554261
414 1.86816816816817 -0.0918810450083043 -0.287985642918416
415 1.87027027027027 -0.09127794668157 -0.285822348214151
416 1.87237237237237 -0.0906793768847442 -0.283677043467863
417 1.87447447447447 -0.0900852979690321 -0.281549569140868
418 1.87657657657658 -0.0894956726195072 -0.279439767118256
419 1.87867867867868 -0.0889104638521298 -0.277347480697778
420 1.88078078078078 -0.0883296350107893 -0.275272554578761
421 1.88288288288288 -0.0877531497643696 -0.273214834851054
422 1.88498498498498 -0.0871809721038374 -0.271174168984002
423 1.88708708708709 -0.0866130663393544 -0.269150405815466
424 1.88918918918919 -0.0860493970974117 -0.267143395540864
425 1.89129129129129 -0.0854899293179874 -0.26515298970226
426 1.89339339339339 -0.0849346282517277 -0.263179041177492
427 1.8954954954955 -0.0843834594571501 -0.261221404169337
428 1.8975975975976 -0.0838363887978695 -0.259279934194719
429 1.8996996996997 -0.0832933824398474 -0.257354488073966
430 1.9018018018018 -0.0827544068486628 -0.255444923920103
431 1.9039039039039 -0.0822194287868062 -0.2535511011282
432 1.90600600600601 -0.0816884153109962 -0.251672880364764
433 1.90810810810811 -0.081161333769517 -0.24981012355718
434 1.91021021021021 -0.08063815179958 -0.247962693883201
435 1.91231231231231 -0.0801188373247056 -0.246130455760488
436 1.91441441441441 -0.079603358552128 -0.244313274836209
437 1.91651651651652 -0.0790916839702219 -0.242511017976681
438 1.91861861861862 -0.0785837823459498 -0.24072355325707
439 1.92072072072072 -0.0780796227223325 -0.238950749951149
440 1.92282282282282 -0.0775791744159394 -0.237192478521106
441 1.92492492492492 -0.0770824070144017 -0.235448610607409
442 1.92702702702703 -0.0765892903739457 -0.233719019018733
443 1.92912912912913 -0.076099794616948 -0.232003577721935
444 1.93123123123123 -0.0756138901295109 -0.230302161832097
445 1.93333333333333 -0.0751315475590594 -0.228614647602622
446 1.93543543543544 -0.0746527378119589 -0.22694091241539
447 1.93753753753754 -0.0741774320511528 -0.225280834770975
448 1.93963963963964 -0.0737056016938216 -0.223634294278921
449 1.94174174174174 -0.0732372184090618 -0.222001171648078
450 1.94384384384384 -0.0727722541155849 -0.220381348677003
451 1.94594594594595 -0.0723106809794368 -0.218774708244418
452 1.94804804804805 -0.0718524714117376 -0.217181134299731
453 1.95015015015015 -0.0713975980664405 -0.215600511853623
454 1.95225225225225 -0.0709460338381103 -0.214032726968689
455 1.95435435435435 -0.0704977518597229 -0.21247766675015
456 1.95645645645646 -0.0700527255004825 -0.210935219336624
457 1.95855855855856 -0.0696109283636592 -0.209405273890963
458 1.96066066066066 -0.0691723342844458 -0.207887720591146
459 1.96276276276276 -0.0687369173278329 -0.206382450621245
460 1.96486486486487 -0.0683046517865039 -0.204889356162449
461 1.96696696696697 -0.067875512178748 -0.203408330384153
462 1.96906906906907 -0.0674494732463925 -0.201939267435111
463 1.97117117117117 -0.067026509952753 -0.20048206243465
464 1.97327327327327 -0.0666065974806026 -0.199036611463954
465 1.97537537537538 -0.066189711230159 -0.197602811557408
466 1.97747747747748 -0.0657758268170896 -0.196180560694005
467 1.97957957957958 -0.0653649200705354 -0.194769757788818
468 1.98168168168168 -0.0649569670311514 -0.193370302684539
469 1.98378378378378 -0.0645519439491662 -0.191982096143078
470 1.98588588588589 -0.0641498272824579 -0.190605039837225
471 1.98798798798799 -0.0637505936946485 -0.189239036342384
472 1.99009009009009 -0.0633542200532148 -0.187883989128355
473 1.99219219219219 -0.0629606834276171 -0.186539802551199
474 1.99429429429429 -0.0625699610874446 -0.185206381845152
475 1.9963963963964 -0.0621820305005777 -0.183883633114607
476 1.9984984984985 -0.0617968693313676 -0.182571463326158
477 2.0006006006006 -0.0614144554388317 -0.181269780300714
478 2.0027027027027 -0.0610347668748664 -0.179978492705664
479 2.00480480480481 -0.0606577818824754 -0.178697510047113
480 2.00690690690691 -0.0602834788940153 -0.17742674266218
481 2.00900900900901 -0.0599118365294563 -0.176166101711356
482 2.01111111111111 -0.0595428335946599 -0.174915499170923
483 2.01321321321321 -0.0591764490796709 -0.173674847825438
484 2.01531531531532 -0.0588126621570277 -0.172444061260281
485 2.01741741741742 -0.0584514521800851 -0.171223053854255
486 2.01951951951952 -0.0580927986813554 -0.170011740772257
487 2.02162162162162 -0.0577366813708631 -0.168810037958004
488 2.02372372372372 -0.0573830801345146 -0.167617862126825
489 2.02582582582583 -0.0570319750324857 -0.166435130758506
490 2.02792792792793 -0.0566833462976196 -0.165261762090202
491 2.03003003003003 -0.0563371743338442 -0.164097675109406
492 2.03213213213213 -0.0559934397146014 -0.16294278954698
493 2.03423423423423 -0.0556521231812914 -0.161797025870237
494 2.03633633633634 -0.0553132056417326 -0.160660305276093
495 2.03843843843844 -0.0549766681686342 -0.159532549684274
496 2.04054054054054 -0.0546424919980849 -0.158413681730575
497 2.04264264264264 -0.0543106585280533 -0.157303624760188
498 2.04474474474474 -0.0539811493169052 -0.156202302821079
499 2.04684684684685 -0.053653946081932 -0.155109640657424
500 2.04894894894895 -0.0533290306978944 -0.154025563703107
501 2.05105105105105 -0.0530063851955798 -0.152949998075272
502 2.05315315315315 -0.0526859917603721 -0.151882870567926
503 2.05525525525525 -0.0523678327308358 -0.150824108645608
504 2.05735735735736 -0.0520518905973131 -0.149773640437104
505 2.05945945945946 -0.0517381480005344 -0.14873139472923
506 2.06156156156156 -0.0514265877302408 -0.147697300960653
507 2.06366366366366 -0.0511171927238213 -0.146671289215782
508 2.06576576576577 -0.0508099460649606 -0.145653290218706
509 2.06786786786787 -0.0505048309823019 -0.144643235327186
510 2.06996996996997 -0.0502018308481204 -0.143641056526704
511 2.07207207207207 -0.04990092917701 -0.142646686424564
512 2.07417417417417 -0.0496021096245828 -0.141660058244045
513 2.07627627627628 -0.0493053559861797 -0.140681105818602
514 2.07837837837838 -0.0490106521955946 -0.139709763586135
515 2.08048048048048 -0.0487179823238087 -0.138745966583289
516 2.08258258258258 -0.048427330577739 -0.137789650439821
517 2.08468468468468 -0.0481386812989966 -0.136840751373012
518 2.08678678678679 -0.0478520189626576 -0.13589920618213
519 2.08888888888889 -0.0475673281760458 -0.134964952242944
520 2.09099099099099 -0.0472845936775263 -0.134037927502291
521 2.09309309309309 -0.0470038003353108 -0.133118070472686
522 2.0951951951952 -0.046724933146274 -0.132205320226987
523 2.0972972972973 -0.0464479772347815 -0.131299616393109
524 2.0993993993994 -0.0461729178515282 -0.13040089914878
525 2.1015015015015 -0.0458997403723885 -0.129509109216357
526 2.1036036036036 -0.0456284302972761 -0.128624187857676
527 2.10570570570571 -0.0453589732490162 -0.127746076868961
528 2.10780780780781 -0.0450913549722268 -0.126874718575776
529 2.10990990990991 -0.0448255613322115 -0.126010055828017
530 2.11201201201201 -0.0445615783138625 -0.125152031994966
531 2.11411411411411 -0.0442993920205739 -0.124300590960374
532 2.11621621621622 -0.0440389886731657 -0.123455677117603
533 2.11831831831832 -0.0437803546088169 -0.122617235364805
534 2.12042042042042 -0.0435234762800102 -0.121785211100148
535 2.12252252252252 -0.0432683402534853 -0.120959550217089
536 2.12462462462462 -0.043014933209203 -0.120140199099692
537 2.12672672672673 -0.0427632419393187 -0.119327104617981
538 2.12882882882883 -0.0425132533471656 -0.118520214123348
539 2.13093093093093 -0.0422649544462479 -0.117719475444001
540 2.13303303303303 -0.0420183323592427 -0.116924836880445
541 2.13513513513514 -0.0417733743170127 -0.116136247201023
542 2.13723723723724 -0.0415300676576265 -0.115353655637482
543 2.13933933933934 -0.0412883998253896 -0.114577011880592
544 2.14144144144144 -0.0410483583698843 -0.113806266075802
545 2.14354354354354 -0.0408099309450177 -0.113041368818938
546 2.14564564564565 -0.0405731053080803 -0.11228227115194
547 2.14774774774775 -0.040337869318812 -0.111528924558642
548 2.14984984984985 -0.0401042109384779 -0.110781280960591
549 2.15195195195195 -0.0398721182289524 -0.110039292712906
550 2.15405405405405 -0.0396415793518125 -0.109302912600172
551 2.15615615615616 -0.0394125825674386 -0.108572093832382
552 2.15825825825826 -0.0391851162341251 -0.107846790040908
553 2.16036036036036 -0.0389591688071986 -0.107126955274519
554 2.16246246246246 -0.0387347288381445 -0.106412543995428
555 2.16456456456456 -0.0385117849737425 -0.105703511075385
556 2.16666666666667 -0.0382903259552089 -0.1049998117918
557 2.16876876876877 -0.0380703406173488 -0.104301401823913
558 2.17087087087087 -0.0378518178877151 -0.103608237248986
559 2.17297297297297 -0.0376347467857755 -0.102920274538547
560 2.17507507507508 -0.037419116422088 -0.102237470554658
561 2.17717717717718 -0.0372049159974837 -0.101559782546223
562 2.17927927927928 -0.0369921348022576 -0.100887168145338
563 2.18138138138138 -0.0367807622153665 -0.100219585363662
564 2.18348348348348 -0.0365707877036355 -0.0995569925888332
565 2.18558558558559 -0.0363622008209708 -0.0988993485809195
566 2.18768768768769 -0.036154991207581 -0.0982466124688978
567 2.18978978978979 -0.0359491485892049 -0.09759874374717
568 2.19189189189189 -0.0357446627763473 -0.0969557022721133
569 2.19399399399399 -0.0355415236635215 -0.0963174482586623
570 2.1960960960961 -0.0353397212284991 -0.0956839422769244
571 2.1981981981982 -0.0351392455315671 -0.0950551452488276
572 2.2003003003003 -0.0349400867147915 -0.0944310184448013
573 2.2024024024024 -0.0347422350012888 -0.0938115234804883
574 2.2045045045045 -0.0345456806945029 -0.0931966223134884
575 2.20660660660661 -0.0343504141774906 -0.0925862772401351
576 2.20870870870871 -0.034156425912212 -0.0919804508923006
577 2.21081081081081 -0.0339637064388291 -0.0913791062342338
578 2.21291291291291 -0.0337722463750103 -0.0907822065594286
579 2.21501501501502 -0.0335820364152414 -0.0901897154875214
580 2.21711711711712 -0.0333930673301434 -0.0896015969612197
581 2.21921921921922 -0.0332053299657964 -0.0890178152432592
582 2.22132132132132 -0.0330188152430703 -0.0884383349133927
583 2.22342342342342 -0.0328335141569613 -0.0878631208654042
584 2.22552552552553 -0.032649417775935 -0.0872921383041559
585 2.22762762762763 -0.0324665172412755 -0.0867253527426616
586 2.22972972972973 -0.0322848037664407 -0.0861627299991885
587 2.23183183183183 -0.0321042686364239 -0.0856042361943882
588 2.23393393393393 -0.0319249032071207 -0.0850498377484541
589 2.23603603603604 -0.0317466989047025 -0.0844995013783072
590 2.23813813813814 -0.0315696472249958 -0.0839531940948088
591 2.24024024024024 -0.0313937397328671 -0.0834108832000014
592 2.24234234234234 -0.0312189680616137 -0.0828725362843735
593 2.24444444444444 -0.0310453239123601 -0.0823381212241545
594 2.24654654654655 -0.0308727990534603 -0.0818076061786333
595 2.24864864864865 -0.0307013853199058 -0.0812809595875037
596 2.25075075075075 -0.0305310746127382 -0.0807581501682357
597 2.25285285285285 -0.0303618588984689 -0.0802391469134719
598 2.25495495495495 -0.0301937302085029 -0.0797239190884505
599 2.25705705705706 -0.0300266806385683 -0.0792124362284502
600 2.25915915915916 -0.0298607023481518 -0.0787046681362644
601 2.26126126126126 -0.0296957875599385 -0.0782005848796955
602 2.26336336336336 -0.029531928559258 -0.0777001567890766
603 2.26546546546547 -0.0293691176935345 -0.0772033544548155
604 2.26756756756757 -0.0292073473717432 -0.0767101487249639
605 2.26966966966967 -0.0290466100638706 -0.0762205107028091
606 2.27177177177177 -0.0288868983003811 -0.075734411744489
607 2.27387387387387 -0.028728204671688 -0.0752518234566322
608 2.27597597597598 -0.0285705218276286 -0.0747727176940178
609 2.27807807807808 -0.028413842476946 -0.0742970665572616
610 2.28018018018018 -0.0282581593867739 -0.073824842390521
611 2.28228228228228 -0.0281034653821277 -0.0733560177792254
612 2.28438438438438 -0.0279497533453994 -0.0728905655478269
613 2.28648648648649 -0.0277970162158572 -0.0724284587575731
614 2.28858858858859 -0.0276452469891509 -0.0719696707043024
615 2.29069069069069 -0.0274944387168198 -0.0715141749162585
616 2.29279279279279 -0.0273445845058079 -0.0710619451519299
617 2.29489489489489 -0.027195677517981 -0.0706129553979058
618 2.296996996997 -0.0270477109696498 -0.0701671798667568
619 2.2990990990991 -0.0269006781310974 -0.0697245929949337
620 2.3012012012012 -0.0267545723261103 -0.069285169440688
621 2.3033033033033 -0.0266093869315151 -0.0688488840820117
622 2.30540540540541 -0.0264651153767177 -0.0684157120145975
623 2.30750750750751 -0.0263217511432486 -0.0679856285498196
624 2.30960960960961 -0.0261792877643116 -0.0675586092127323
625 2.31171171171171 -0.026037718824336 -0.0671346297400897
626 2.31381381381381 -0.0258970379585346 -0.0667136660783838
627 2.31591591591592 -0.0257572388524641 -0.0662956943819017
628 2.31801801801802 -0.0256183152415907 -0.0658806910108019
629 2.32012012012012 -0.0254802609108592 -0.0654686325292091
630 2.32222222222222 -0.0253430696942664 -0.0650594957033276
631 2.32432432432432 -0.0252067354744379 -0.0646532574995724
632 2.32642642642643 -0.0250712521822098 -0.0642498950827199
633 2.32852852852853 -0.024936613796213 -0.0638493858140744
634 2.33063063063063 -0.0248028143424625 -0.0634517072496547
635 2.33273273273273 -0.0246698478939495 -0.063056837138396
636 2.33483483483483 -0.0245377085702382 -0.062664753420371
637 2.33693693693694 -0.0244063905370655 -0.0622754342250277
638 2.33903903903904 -0.0242758880059453 -0.0618888578694437
639 2.34114114114114 -0.024146195233775 -0.0615050028565981
640 2.34324324324324 -0.0240173065224474 -0.0611238478736597
641 2.34534534534535 -0.0238892162184648 -0.0607453717902926
642 2.34744744744745 -0.0237619187125574 -0.0603695536569763
643 2.34954954954955 -0.0236354084393047 -0.059996372703345
644 2.35165165165165 -0.0235096798767609 -0.0596258083365397
645 2.35375375375375 -0.0233847275460832 -0.0592578401395791
646 2.35585585585586 -0.0232605460111641 -0.0588924478697443
647 2.35795795795796 -0.0231371298782665 -0.0585296114569799
648 2.36006006006006 -0.0230144737956626 -0.0581693110023109
649 2.36216216216216 -0.0228925724532757 -0.0578115267762735
650 2.36426426426426 -0.0227714205823258 -0.0574562392173637
651 2.36636636636637 -0.0226510129549779 -0.0571034289304975
652 2.36846846846847 -0.0225313443839939 -0.0567530766854887
653 2.37057057057057 -0.0224124097223875 -0.0564051634155402
654 2.37267267267267 -0.0222942038630823 -0.0560596702157501
655 2.37477477477477 -0.0221767217385733 -0.0557165783416321
656 2.37687687687688 -0.0220599583205905 -0.0553758692076498
657 2.37897897897898 -0.0219439086197675 -0.0550375243857672
658 2.38108108108108 -0.0218285676853106 -0.0547015256040093
659 2.38318318318318 -0.0217139306046732 -0.0543678547450408
660 2.38528528528529 -0.0215999925032318 -0.0540364938447554
661 2.38738738738739 -0.0214867485439655 -0.0537074250908804
662 2.38948948948949 -0.0213741939271383 -0.0533806308215938
663 2.39159159159159 -0.021262323889984 -0.0530560935241556
664 2.39369369369369 -0.0211511337063947 -0.0527337958335513
665 2.3957957957958 -0.0210406186866113 -0.052413720531149
666 2.3978978978979 -0.0209307741769175 -0.0520958505433697
667 2.4 -0.0208215955593359 -0.0517801689403695
668 2.4021021021021 -0.0207130782513275 -0.0514666589347356
669 2.4042042042042 -0.0206052177054937 -0.0511553038801936
670 2.40630630630631 -0.0204980094092806 -0.0508460872703285
671 2.40840840840841 -0.0203914488846869 -0.0505389927373166
672 2.41051051051051 -0.0202855316879733 -0.0502340040506712
673 2.41261261261261 -0.0201802534093755 -0.0499311051159985
674 2.41471471471471 -0.0200756096728194 -0.0496302799737671
675 2.41681681681682 -0.0199715961356385 -0.0493315127980884
676 2.41891891891892 -0.0198682084882948 -0.0490347878955086
677 2.42102102102102 -0.0197654424541012 -0.0487400897038131
678 2.42312312312312 -0.0196632937889473 -0.0484474027908411
679 2.42522522522523 -0.0195617582810268 -0.0481567118533129
680 2.42732732732733 -0.019460831750568 -0.0478680017156676
681 2.42942942942943 -0.0193605100495668 -0.0475812573289119
682 2.43153153153153 -0.0192607890615213 -0.0472964637694806
683 2.43363363363363 -0.0191616647011698 -0.0470136062381066
684 2.43573573573574 -0.0190631329142305 -0.0467326700587041
685 2.43783783783784 -0.0189651896771435 -0.0464536406772594
686 2.43993993993994 -0.0188678309968159 -0.0461765036607351
687 2.44204204204204 -0.0187710529103682 -0.0459012446959829
688 2.44414414414414 -0.0186748514848834 -0.0456278495886679
689 2.44624624624625 -0.0185792228171587 -0.0453563042622022
690 2.44834834834835 -0.0184841630334587 -0.0450865947566893
691 2.45045045045045 -0.0183896682892717 -0.0448187072278791
692 2.45255255255255 -0.018295734769067 -0.044552627946131
693 2.45465465465465 -0.0182023586860556 -0.0442883432953892
694 2.45675675675676 -0.0181095362819526 -0.0440258397721658
695 2.45885885885886 -0.0180172638267409 -0.043765103984535
696 2.46096096096096 -0.0179255376184386 -0.0435061226511358
697 2.46306306306306 -0.0178343539828671 -0.043248882600185
698 2.46516516516516 -0.0177437092734218 -0.0429933707684992
699 2.46726726726727 -0.0176535998708452 -0.0427395742005257
700 2.46936936936937 -0.0175640221830013 -0.0424874800473838
701 2.47147147147147 -0.0174749726446523 -0.0422370755659138
702 2.47357357357357 -0.0173864477172378 -0.041988348117736
703 2.47567567567568 -0.0172984438886551 -0.0417412851683181
704 2.47777777777778 -0.017210957673042 -0.0414958742860516
705 2.47987987987988 -0.0171239856105616 -0.0412521031413373
706 2.48198198198198 -0.0170375242671886 -0.041009959505679
707 2.48408408408408 -0.0169515702344975 -0.0407694312507856
708 2.48618618618619 -0.0168661201294536 -0.0405305063476824
709 2.48828828828829 -0.0167811705942044 -0.0402931728658306
710 2.49039039039039 -0.016696718295874 -0.0400574189722544
711 2.49249249249249 -0.0166127599263589 -0.0398232329306774
712 2.49459459459459 -0.0165292922021255 -0.0395906031006663
713 2.4966966966967 -0.0164463118640096 -0.0393595179367836
714 2.4987987987988 -0.0163638156770177 -0.0391299659877471
715 2.5009009009009 -0.0162818004802156 -0.0389017691807574
716 2.503003003003 -0.0162002647855673 -0.0386735714300688
717 2.50510510510511 -0.0161192090903566 -0.0384450857691044
718 2.50720720720721 -0.0160386339886536 -0.0382163228032955
719 2.50930930930931 -0.0159585400522343 -0.0379872931380735
720 2.51141141141141 -0.0158789278305814 -0.0377580073788695
721 2.51351351351351 -0.0157997978508837 -0.037528476131115
722 2.51561561561562 -0.0157211506180363 -0.0372987100002412
723 2.51771771771772 -0.0156429866146408 -0.0370687195916795
724 2.51981981981982 -0.0155653063010048 -0.0368385155108611
725 2.52192192192192 -0.0154881101151425 -0.0366081083632174
726 2.52402402402402 -0.015411398472774 -0.0363775087541795
727 2.52612612612613 -0.0153351717673263 -0.0361467272891791
728 2.52822822822823 -0.015259430369932 -0.0359157745736471
729 2.53033033033033 -0.0151841746294306 -0.0356846612130151
730 2.53243243243243 -0.0151094048723676 -0.0354533978127142
731 2.53453453453453 -0.0150351214029947 -0.0352219949781758
732 2.53663663663664 -0.0149613245032703 -0.0349904633148313
733 2.53873873873874 -0.0148880144328587 -0.0347588134281117
734 2.54084084084084 -0.0148151914291307 -0.0345270559234487
735 2.54294294294294 -0.0147428557071632 -0.0342952014062733
736 2.54504504504505 -0.0146710074597399 -0.034063260482017
737 2.54714714714715 -0.0145996468573501 -0.0338312437561109
738 2.54924924924925 -0.01452877404819 -0.0335991618339866
739 2.55135135135135 -0.0144583891581617 -0.0333670253210751
740 2.55345345345345 -0.0143884922908739 -0.0331348448228079
741 2.55555555555556 -0.0143190835276414 -0.0329026309446163
742 2.55765765765766 -0.0142501629274853 -0.0326703942919315
743 2.55975975975976 -0.0141817305271331 -0.0324381454701849
744 2.56186186186186 -0.0141137863410186 -0.0322058950848077
745 2.56396396396396 -0.0140463303612818 -0.0319736537412314
746 2.56606606606607 -0.0139793625577691 -0.0317414320448871
747 2.56816816816817 -0.0139128828780332 -0.0315092406012061
748 2.57027027027027 -0.0138468912473329 -0.03127709001562
749 2.57237237237237 -0.0137813875686337 -0.0310449908935597
750 2.57447447447447 -0.013716371722607 -0.0308129538404569
751 2.57657657657658 -0.0136518435676307 -0.0305809894617425
752 2.57867867867868 -0.013587802939789 -0.0303491083628482
753 2.58078078078078 -0.0135242496528723 -0.030117321149205
754 2.58288288288288 -0.0134611834983774 -0.0298856384262444
755 2.58498498498499 -0.0133986042455074 -0.0296540707993976
756 2.58708708708709 -0.0133365116411717 -0.029422628874096
757 2.58918918918919 -0.0132749054099858 -0.0291913232557709
758 2.59129129129129 -0.0132137852542718 -0.0289601645498534
759 2.59339339339339 -0.013153150854058 -0.028729163361775
760 2.5954954954955 -0.0130930018670789 -0.028498330296967
761 2.5975975975976 -0.0130333379287754 -0.0282676759608607
762 2.5996996996997 -0.0129741586522946 -0.0280372109588873
763 2.6018018018018 -0.0129154636284901 -0.0278069458964783
764 2.6039039039039 -0.0128572524259215 -0.0275768913790648
765 2.60600600600601 -0.0127995245908551 -0.0273470580120782
766 2.60810810810811 -0.0127422796472631 -0.0271174564009499
767 2.61021021021021 -0.0126855170968241 -0.026888097151111
768 2.61231231231231 -0.0126292364189233 -0.026658990867993
769 2.61441441441441 -0.0125734370706519 -0.0264301481570271
770 2.61651651651652 -0.0125181184868074 -0.0262015796236446
771 2.61861861861862 -0.0124632800798937 -0.0259732958732768
772 2.62072072072072 -0.012408921240121 -0.0257453075113551
773 2.62282282282282 -0.0123550413354058 -0.0255176251433107
774 2.62492492492493 -0.0123016397113709 -0.025290259374575
775 2.62702702702703 -0.0122487156913452 -0.0250632208105793
776 2.62912912912913 -0.0121962685763643 -0.0248365200567548
777 2.63123123123123 -0.0121442976451698 -0.0246101677185329
778 2.63333333333333 -0.0120928021542096 -0.0243841744013449
779 2.63543543543544 -0.0120417813376381 -0.024158550710622
780 2.63753753753754 -0.0119912344073158 -0.0239333072517956
781 2.63963963963964 -0.0119411605528096 -0.0237084546302971
782 2.64174174174174 -0.0118915589413927 -0.0234840034515576
783 2.64384384384384 -0.0118424287180445 -0.0232599643210085
784 2.64594594594595 -0.0117937690054509 -0.0230363478440812
785 2.64804804804805 -0.011745578904004 -0.0228131646262068
786 2.65015015015015 -0.0116978574918021 -0.0225904252728169
787 2.65225225225225 -0.0116506038246499 -0.0223681403893425
788 2.65435435435435 -0.0116038169360584 -0.0221463205812151
789 2.65645645645646 -0.0115574958372448 -0.0219249764538659
790 2.65855855855856 -0.0115116395171329 -0.0217041186127263
791 2.66066066066066 -0.0114662469423523 -0.0214837576632275
792 2.66276276276276 -0.0114213170572394 -0.0212639042108009
793 2.66486486486486 -0.0113768487838367 -0.0210445688608778
794 2.66696696696697 -0.0113328410218929 -0.0208257622188894
795 2.66906906906907 -0.011289292648863 -0.0206074948902671
796 2.67117117117117 -0.0112462025199086 -0.0203897774804422
797 2.67327327327327 -0.0112035694678973 -0.020172620594846
798 2.67537537537538 -0.011161392303403 -0.0199560348389098
799 2.67747747747748 -0.0111196698147061 -0.0197400308180649
800 2.67957957957958 -0.0110784007677931 -0.0195246191377426
801 2.68168168168168 -0.011037583906357 -0.0193098104033742
802 2.68378378378378 -0.010997217951797 -0.0190956152203911
803 2.68588588588589 -0.0109573016032185 -0.0188820441942245
804 2.68798798798799 -0.0109178335374333 -0.0186691079303057
805 2.69009009009009 -0.0108788124089596 -0.0184568170340661
806 2.69219219219219 -0.0108402368500216 -0.0182451821109369
807 2.69429429429429 -0.0108021054705502 -0.0180342137663495
808 2.6963963963964 -0.0107644168581824 -0.0178239226057351
809 2.6984984984985 -0.0107271695782613 -0.0176143192345251
810 2.7006006006006 -0.0106903621738366 -0.0174054142581507
811 2.7027027027027 -0.0106539931656643 -0.0171972182820434
812 2.7048048048048 -0.0106180610522064 -0.0169897419116344
813 2.70690690690691 -0.0105825643096316 -0.0167829957523549
814 2.70900900900901 -0.0105475013918145 -0.0165769904096363
815 2.71111111111111 -0.0105128707303364 -0.0163717364889099
816 2.71321321321321 -0.0104786707344846 -0.0161672445956071
817 2.71531531531532 -0.0104448997912528 -0.015963525335159
818 2.71741741741742 -0.010411556265341 -0.0157605893129971
819 2.71951951951952 -0.0103786384991555 -0.0155584471345526
820 2.72162162162162 -0.0103461448128089 -0.0153571094052568
821 2.72372372372372 -0.0103140735041202 -0.0151565867305411
822 2.72582582582583 -0.0102824228486145 -0.0149568897158367
823 2.72792792792793 -0.0102511910995233 -0.014758028966575
824 2.73003003003003 -0.0102203764877844 -0.0145600150881872
825 2.73213213213213 -0.010189977222042 -0.0143628586861048
826 2.73423423423423 -0.0101599914886464 -0.0141665703657588
827 2.73633633633634 -0.0101304174516544 -0.0139711607325808
828 2.73843843843844 -0.0101012532528289 -0.0137766403920019
829 2.74054054054054 -0.0100724970116393 -0.0135830199494535
830 2.74264264264264 -0.0100441468252612 -0.0133903100103669
831 2.74474474474474 -0.0100162007685765 -0.0131985211801734
832 2.74684684684685 -0.00998865689417339 -0.0130076640643044
833 2.74894894894895 -0.00996151323234637 -0.012817749268191
834 2.75105105105105 -0.00993476779109628 -0.0126287873972647
835 2.75315315315315 -0.00990841855613021 -0.0124407890569566
836 2.75525525525526 -0.00988246349086159 -0.0122537648526983
837 2.75735735735736 -0.00985690053641013 -0.0120677253899208
838 2.75945945945946 -0.00983172761160183 -0.0118826812740556
839 2.76156156156156 -0.00980694261296901 -0.0116986431105339
840 2.76366366366366 -0.00978254341475029 -0.0115156215047871
841 2.76576576576577 -0.00975852786889059 -0.0113336270622465
842 2.76786786786787 -0.0097348938050411 -0.0111526703883433
843 2.76996996996997 -0.00971163903055936 -0.010972762088509
844 2.77207207207207 -0.00968876133050918 -0.0107939127681746
845 2.77417417417417 -0.00966625846766068 -0.0106161330327717
846 2.77627627627628 -0.00964412818249027 -0.0104394334877315
847 2.77837837837838 -0.00962236819318067 -0.0102638247384852
848 2.78048048048048 -0.0096009761956209 -0.0100893173904643
849 2.78258258258258 -0.00957994986340628 -0.00991592204909999
850 2.78468468468468 -0.00955928684783844 -0.00974364931982362
851 2.78678678678679 -0.00953898477792528 -0.00957250980806641
852 2.78888888888889 -0.00951904126038104 -0.00940251411925979
853 2.79099099099099 -0.00949945387962622 -0.00923367285883494
854 2.79309309309309 -0.00948022019778767 -0.0090659966322233
855 2.7951951951952 -0.00946133775469849 -0.00889949604485608
856 2.7972972972973 -0.00944280406789811 -0.0087341817021646
857 2.7993993993994 -0.00942461663263225 -0.00857006420958019
858 2.8015015015015 -0.00940677292185295 -0.00840715417253415
859 2.8036036036036 -0.00938927038621852 -0.00824546219645781
860 2.80570570570571 -0.00937210645409358 -0.00808499888678238
861 2.80780780780781 -0.00935527853154908 -0.0079257748489393
862 2.80990990990991 -0.00933878400236222 -0.00776780068835975
863 2.81201201201201 -0.00932262022801655 -0.00761108701047515
864 2.81411411411411 -0.00930678454770188 -0.00745564442071673
865 2.81621621621622 -0.00929127427831435 -0.00730148352451583
866 2.81831831831832 -0.00927608671445638 -0.00714861492730373
867 2.82042042042042 -0.0092612191284367 -0.00699704923451175
868 2.82252252252252 -0.00924666877027035 -0.00684679705157124
869 2.82462462462462 -0.00923243286767864 -0.00669786898391339
870 2.82672672672673 -0.00921850862608923 -0.00655027563696965
871 2.82882882882883 -0.00920489322863603 -0.00640402761617122
872 2.83093093093093 -0.00919158383615928 -0.00625913552694944
873 2.83303303303303 -0.0091785775872055 -0.00611560997473562
874 2.83513513513514 -0.00916587159802755 -0.00597346156496107
875 2.83723723723724 -0.00915346296258454 -0.00583270090305711
876 2.83933933933934 -0.00914134875254191 -0.00569333859445497
877 2.84144144144144 -0.0091295260172714 -0.00555538524458607
878 2.84354354354354 -0.00911799178385104 -0.0054188514588816
879 2.84564564564565 -0.00910674305706518 -0.00528374784277299
880 2.84774774774775 -0.00909577681940443 -0.00515008500169145
881 2.84984984984985 -0.00908509003106575 -0.00501787354106831
882 2.85195195195195 -0.00907467962995237 -0.00488712406633489
883 2.85405405405405 -0.00906454253167383 -0.00475784718292247
884 2.85615615615616 -0.00905467562954596 -0.00463005349626243
885 2.85825825825826 -0.00904507579459091 -0.00450375361178595
886 2.86036036036036 -0.00903573987553712 -0.00437895813492446
887 2.86246246246246 -0.00902666469881933 -0.00425567767110916
888 2.86456456456456 -0.00901784706857857 -0.00413392282577147
889 2.86666666666667 -0.00900928376666219 -0.00401370420434261
890 2.86876876876877 -0.00900097155262384 -0.0038950324122539
891 2.87087087087087 -0.00899290716372345 -0.00377791805493667
892 2.87297297297297 -0.00898508731492726 -0.00366237173782221
893 2.87507507507507 -0.00897750869890784 -0.00354840406634185
894 2.87717717717718 -0.008970167986044 -0.00343602564592684
895 2.87927927927928 -0.00896306182442091 -0.00332524708200855
896 2.88138138138138 -0.00895618683983 -0.00321607898001825
897 2.88348348348348 -0.00894953963576903 -0.00310853194538725
898 2.88558558558559 -0.00894311679344203 -0.00300261658354686
899 2.88768768768769 -0.00893691487175937 -0.00289834349992839
900 2.88978978978979 -0.00893093040733767 -0.00279572329996313
901 2.89189189189189 -0.0089251599144999 -0.00269476658908241
902 2.89399399399399 -0.0089195998852753 -0.00259548397271755
903 2.8960960960961 -0.00891424678939942 -0.00249788605629979
904 2.8981981981982 -0.00890909707431412 -0.00240198344526051
905 2.9003003003003 -0.00890414716516753 -0.00230778674503096
906 2.9024024024024 -0.00889939346481412 -0.00221530656104248
907 2.9045045045045 -0.00889483235381463 -0.00212455349872635
908 2.90660660660661 -0.00889046019043612 -0.0020355381635139
909 2.90870870870871 -0.00888627331065194 -0.00194827116083646
910 2.91081081081081 -0.00888226802814173 -0.00186276309612525
911 2.91291291291291 -0.00887844063429147 -0.00177902457481167
912 2.91501501501502 -0.0088747873981934 -0.00169706620232694
913 2.91711711711712 -0.00887130456664607 -0.00161689858410247
914 2.91921921921922 -0.00886798836415434 -0.00153853232556948
915 2.92132132132132 -0.00886483499292937 -0.0014619780321593
916 2.92342342342342 -0.00886184063288862 -0.00138724630930324
917 2.92552552552553 -0.00885900144165584 -0.00131434776243262
918 2.92762762762763 -0.00885631355456108 -0.00124329299697873
919 2.92972972972973 -0.00885377308464072 -0.00117409261837285
920 2.93183183183183 -0.0088513761226374 -0.00110675723204635
921 2.93393393393393 -0.00884911873700008 -0.00104129744343048
922 2.93603603603604 -0.00884699697388404 -0.000977723857956581
923 2.93813813813814 -0.00884500685715082 -0.00091604708105595
924 2.94024024024024 -0.00884314438836828 -0.000856277718159874
925 2.94234234234234 -0.0088414055468106 -0.000798426374699672
926 2.94444444444444 -0.00883978628945823 -0.00074250365610666
927 2.94654654654655 -0.00883828255099793 -0.000688520167812144
928 2.94864864864865 -0.00883689024382277 -0.000636486515247392
929 2.95075075075075 -0.00883560525803211 -0.00058641330384377
930 2.95285285285285 -0.00883442346143162 -0.000538311139032542
931 2.95495495495495 -0.00883334069953326 -0.000492190626245025
932 2.95705705705706 -0.0088323527955553 -0.000448062370912529
933 2.95915915915916 -0.0088314555504223 -0.000405936978466352
934 2.96126126126126 -0.00883064474276512 -0.000365825054337805
935 2.96336336336336 -0.00882991612892095 -0.000327737203958192
936 2.96546546546547 -0.00882926544293324 -0.000291684032758831
937 2.96756756756757 -0.00882868839655177 -0.000257676146171015
938 2.96966966966967 -0.00882818067923259 -0.000225724149626055
939 2.97177177177177 -0.00882773795813809 -0.000195838648555258
940 2.97387387387387 -0.00882735587813693 -0.000168030248389919
941 2.97597597597598 -0.00882703006180409 -0.000142309554561359
942 2.97807807807808 -0.00882675610942082 -0.000118687172500877
943 2.98018018018018 -0.00882652959897471 -9.7173707639793e-05
944 2.98228228228228 -0.00882634608615963 -7.77797654093748e-05
945 2.98438438438438 -0.00882620110437575 -6.0515951240972e-05
946 2.98648648648649 -0.00882609016472954 -4.53928705658607e-05
947 2.98858858858859 -0.00882600875603379 -3.24211288153728e-05
948 2.99069069069069 -0.00882595234480755 -2.16113314207948e-05
949 2.99279279279279 -0.00882591637527621 -1.29740838134378e-05
950 2.9948948948949 -0.00882589626937144 -6.51999142460905e-06
951 2.996996996997 -0.00882588742673122 -2.25965968561614e-06
952 2.9990990990991 -0.00882588522469983 -2.03694027763046e-07
953 3.0012012012012 0 0
954 3.0033033033033 0 0
955 3.00540540540541 0 0
956 3.00750750750751 0 0
957 3.00960960960961 0 0
958 3.01171171171171 0 0
959 3.01381381381381 0 0
960 3.01591591591592 0 0
961 3.01801801801802 0 0
962 3.02012012012012 0 0
963 3.02222222222222 0 0
964 3.02432432432432 0 0
965 3.02642642642643 0 0
966 3.02852852852853 0 0
967 3.03063063063063 0 0
968 3.03273273273273 0 0
969 3.03483483483484 0 0
970 3.03693693693694 0 0
971 3.03903903903904 0 0
972 3.04114114114114 0 0
973 3.04324324324324 0 0
974 3.04534534534535 0 0
975 3.04744744744745 0 0
976 3.04954954954955 0 0
977 3.05165165165165 0 0
978 3.05375375375375 0 0
979 3.05585585585586 0 0
980 3.05795795795796 0 0
981 3.06006006006006 0 0
982 3.06216216216216 0 0
983 3.06426426426426 0 0
984 3.06636636636637 0 0
985 3.06846846846847 0 0
986 3.07057057057057 0 0
987 3.07267267267267 0 0
988 3.07477477477477 0 0
989 3.07687687687688 0 0
990 3.07897897897898 0 0
991 3.08108108108108 0 0
992 3.08318318318318 0 0
993 3.08528528528529 0 0
994 3.08738738738739 0 0
995 3.08948948948949 0 0
996 3.09159159159159 0 0
997 3.09369369369369 0 0
998 3.0957957957958 0 0
999 3.0978978978979 0 0
1000 3.1 0 0
