1	1	2	0	5	5	3.83335
2	1	2	0	5	6	3.83335
3	1	2	0	5	7	3.83335
4	1	2	0	5	8	3.83335
5	1	2	0	5	9	3.83335
6	1	2	0	5	10	3.83335
7	1	2	0	5	11	3.83335
8	1	2	0	5	12	3.83335
9	1	2	0	5	13	3.83335
10	1	2	0	5	14	3.83335
11	1	2	0	5	15	3.83335
12	1	2	0	6	5	3.83335
13	1	2	0	6	6	3.83335
14	1	2	0	6	7	3.83335
15	1	2	0	6	8	3.83335
16	1	2	0	6	9	3.83335
17	1	2	0	6	10	3.83335
18	1	2	0	6	11	3.83335
19	1	2	0	6	12	3.83335
20	1	2	0	6	13	3.83335
21	1	2	0	6	14	3.83335
22	1	2	0	6	15	3.83335
23	1	2	0	7	5	3.83335
24	1	2	0	7	6	3.83335
25	1	2	0	7	7	3.83335
26	1	2	0	7	8	3.83335
27	1	2	0	7	9	3.83335
28	1	2	0	7	10	3.83335
29	1	2	0	7	11	3.83335
30	1	2	0	7	12	3.83335
31	1	2	0	7	13	3.83335
32	1	2	0	7	14	3.83335
33	1	2	0	7	15	3.83335
34	1	2	0	8	5	3.83335
35	1	2	0	8	6	3.83335
36	1	2	0	8	7	3.83335
37	1	2	0	8	8	3.83335
38	1	2	0	8	9	3.83335
39	1	2	0	8	10	3.83335
40	1	2	0	8	11	3.83335
41	1	2	0	8	12	3.83335
42	1	2	0	8	13	3.83335
43	1	2	0	8	14	3.83335
44	1	2	0	8	15	3.83335
45	1	2	0	9	5	3.83335
46	1	2	0	9	6	3.83335
47	1	2	0	9	7	3.83335
48	1	2	0	9	8	3.83335
49	1	2	0	9	9	3.83335
50	1	2	0	9	10	3.83335
51	1	2	0	9	11	3.83335
52	1	2	0	9	12	3.83335
53	1	2	0	9	13	3.83335
54	1	2	0	9	14	3.83335
55	1	2	0	9	15	3.83335
56	1	2	0	10	5	3.83335
57	1	2	0	10	6	3.83335
58	1	2	0	10	7	3.83335
59	1	2	0	10	8	3.83335
60	1	2	0	10	9	3.83335
61	1	2	0	10	10	3.83335
62	1	2	0	10	11	3.83335
63	1	2	0	10	12	3.83335
64	1	2	0	10	13	3.83335
65	1	2	0	10	14	3.83335
66	1	2	0	10	15	3.83335
67	1	2	0	11	5	3.83335
68	1	2	0	11	6	3.83335
69	1	2	0	11	7	3.83335
70	1	2	0	11	8	3.83335
71	1	2	0	11	9	3.83335
72	1	2	0	11	10	3.83335
73	1	2	0	11	11	3.83335
74	1	2	0	11	12	3.83335
75	1	2	0	11	13	3.83335
76	1	2	0	11	14	3.83335
77	1	2	0	11	15	3.83335
78	1	2	0	12	5	3.83335
79	1	2	0	12	6	3.83335
80	1	2	0	12	7	3.83335
81	1	2	0	12	8	3.83335
82	1	2	0	12	9	3.83335
83	1	2	0	12	10	3.83335
84	1	2	0	12	11	3.83335
85	1	2	0	12	12	3.83335
86	1	2	0	12	13	3.83335
87	1	2	0	12	14	3.83335
88	1	2	0	12	15	3.83335
89	1	2	0	13	5	3.83335
90	1	2	0	13	6	3.83335
91	1	2	0	13	7	3.83335
92	1	2	0	13	8	3.83335
93	1	2	0	13	9	3.83335
94	1	2	0	13	10	3.83335
95	1	2	0	13	11	3.83335
96	1	2	0	13	12	3.83335
97	1	2	0	13	13	3.83335
98	1	2	0	13	14	3.83335
99	1	2	0	13	15	3.83335
100	1	2	0	14	5	3.83335
101	1	2	0	14	6	3.83335
102	1	2	0	14	7	3.83335
103	1	2	0	14	8	3.83335
104	1	2	0	14	9	3.83335
105	1	2	0	14	10	3.83335
106	1	2	0	14	11	3.83335
107	1	2	0	14	12	3.83335
108	1	2	0	14	13	3.83335
109	1	2	0	14	14	3.83335
110	1	2	0	14	15	3.83335
111	1	2	0	15	5	3.83335
112	1	2	0	15	6	3.83335
113	1	2	0	15	7	3.83335
114	1	2	0	15	8	3.83335
115	1	2	0	15	9	3.83335
116	1	2	0	15	10	3.83335
117	1	2	0	15	11	3.83335
118	1	2	0	15	12	3.83335
119	1	2	0	15	13	3.83335
120	1	2	0	15	14	3.83335
121	1	2	0	15	15	3.83335
122	1	2	0	5	5	4.83335
123	1	2	0	5	6	4.83335
124	1	2	0	5	7	4.83335
125	1	2	0	5	8	4.83335
126	1	2	0	5	9	4.83335
127	1	2	0	5	10	4.83335
128	1	2	0	5	11	4.83335
129	1	2	0	5	12	4.83335
130	1	2	0	5	13	4.83335
131	1	2	0	5	14	4.83335
132	1	2	0	5	15	4.83335
133	1	2	0	6	5	4.83335
134	1	3	0	6	6	4.83335
135	1	3	0	6	7	4.83335
136	1	3	0	6	8	4.83335
137	1	3	0	6	9	4.83335
138	1	3	0	6	10	4.83335
139	1	3	0	6	11	4.83335
140	1	3	0	6	12	4.83335
141	1	3	0	6	13	4.83335
142	1	3	0	6	14	4.83335
143	1	2	0	6	15	4.83335
144	1	2	0	7	5	4.83335
145	1	3	0	7	6	4.83335
146	1	3	0	7	7	4.83335
147	1	3	0	7	8	4.83335
148	1	3	0	7	9	4.83335
149	1	3	0	7	10	4.83335
150	1	3	0	7	11	4.83335
151	1	3	0	7	12	4.83335
152	1	3	0	7	13	4.83335
153	1	3	0	7	14	4.83335
154	1	2	0	7	15	4.83335
155	1	2	0	8	5	4.83335
156	1	3	0	8	6	4.83335
157	1	3	0	8	7	4.83335
158	1	3	0	8	8	4.83335
159	1	3	0	8	9	4.83335
160	1	3	0	8	10	4.83335
161	1	3	0	8	11	4.83335
162	1	3	0	8	12	4.83335
163	1	3	0	8	13	4.83335
164	1	3	0	8	14	4.83335
165	1	2	0	8	15	4.83335
166	1	2	0	9	5	4.83335
167	1	3	0	9	6	4.83335
168	1	3	0	9	7	4.83335
169	1	3	0	9	8	4.83335
170	1	3	0	9	9	4.83335
171	1	3	0	9	10	4.83335
172	1	3	0	9	11	4.83335
173	1	3	0	9	12	4.83335
174	1	3	0	9	13	4.83335
175	1	3	0	9	14	4.83335
176	1	2	0	9	15	4.83335
177	1	2	0	10	5	4.83335
178	1	3	0	10	6	4.83335
179	1	3	0	10	7	4.83335
180	1	3	0	10	8	4.83335
181	1	3	0	10	9	4.83335
182	1	3	0	10	10	4.83335
183	1	3	0	10	11	4.83335
184	1	3	0	10	12	4.83335
185	1	3	0	10	13	4.83335
186	1	3	0	10	14	4.83335
187	1	2	0	10	15	4.83335
188	1	2	0	11	5	4.83335
189	1	3	0	11	6	4.83335
190	1	3	0	11	7	4.83335
191	1	3	0	11	8	4.83335
192	1	3	0	11	9	4.83335
193	1	3	0	11	10	4.83335
194	1	3	0	11	11	4.83335
195	1	3	0	11	12	4.83335
196	1	3	0	11	13	4.83335
197	1	3	0	11	14	4.83335
198	1	2	0	11	15	4.83335
199	1	2	0	12	5	4.83335
200	1	3	0	12	6	4.83335
201	1	3	0	12	7	4.83335
202	1	3	0	12	8	4.83335
203	1	3	0	12	9	4.83335
204	1	3	0	12	10	4.83335
205	1	3	0	12	11	4.83335
206	1	3	0	12	12	4.83335
207	1	3	0	12	13	4.83335
208	1	3	0	12	14	4.83335
209	1	2	0	12	15	4.83335
210	1	2	0	13	5	4.83335
211	1	3	0	13	6	4.83335
212	1	3	0	13	7	4.83335
213	1	3	0	13	8	4.83335
214	1	3	0	13	9	4.83335
215	1	3	0	13	10	4.83335
216	1	3	0	13	11	4.83335
217	1	3	0	13	12	4.83335
218	1	3	0	13	13	4.83335
219	1	3	0	13	14	4.83335
220	1	2	0	13	15	4.83335
221	1	2	0	14	5	4.83335
222	1	3	0	14	6	4.83335
223	1	3	0	14	7	4.83335
224	1	3	0	14	8	4.83335
225	1	3	0	14	9	4.83335
226	1	3	0	14	10	4.83335
227	1	3	0	14	11	4.83335
228	1	3	0	14	12	4.83335
229	1	3	0	14	13	4.83335
230	1	3	0	14	14	4.83335
231	1	2	0	14	15	4.83335
232	1	2	0	15	5	4.83335
233	1	2	0	15	6	4.83335
234	1	2	0	15	7	4.83335
235	1	2	0	15	8	4.83335
236	1	2	0	15	9	4.83335
237	1	2	0	15	10	4.83335
238	1	2	0	15	11	4.83335
239	1	2	0	15	12	4.83335
240	1	2	0	15	13	4.83335
241	1	2	0	15	14	4.83335
242	1	2	0	15	15	4.83335
243	1	2	0	5	5	5.83335
244	1	2	0	5	6	5.83335
245	1	2	0	5	7	5.83335
246	1	2	0	5	8	5.83335
247	1	2	0	5	9	5.83335
248	1	2	0	5	10	5.83335
249	1	2	0	5	11	5.83335
250	1	2	0	5	12	5.83335
251	1	2	0	5	13	5.83335
252	1	2	0	5	14	5.83335
253	1	2	0	5	15	5.83335
254	1	2	0	6	5	5.83335
255	1	3	0	6	6	5.83335
256	1	3	0	6	7	5.83335
257	1	3	0	6	8	5.83335
258	1	3	0	6	9	5.83335
259	1	3	0	6	10	5.83335
260	1	3	0	6	11	5.83335
261	1	3	0	6	12	5.83335
262	1	3	0	6	13	5.83335
263	1	3	0	6	14	5.83335
264	1	2	0	6	15	5.83335
265	1	2	0	7	5	5.83335
266	1	3	0	7	6	5.83335
267	1	3	0	7	7	5.83335
268	1	3	0	7	8	5.83335
269	1	3	0	7	9	5.83335
270	1	3	0	7	10	5.83335
271	1	3	0	7	11	5.83335
272	1	3	0	7	12	5.83335
273	1	3	0	7	13	5.83335
274	1	3	0	7	14	5.83335
275	1	2	0	7	15	5.83335
276	1	2	0	8	5	5.83335
277	1	3	0	8	6	5.83335
278	1	3	0	8	7	5.83335
279	1	3	0	8	8	5.83335
280	1	3	0	8	9	5.83335
281	1	3	0	8	10	5.83335
282	1	3	0	8	11	5.83335
283	1	3	0	8	12	5.83335
284	1	3	0	8	13	5.83335
285	1	3	0	8	14	5.83335
286	1	2	0	8	15	5.83335
287	1	2	0	9	5	5.83335
288	1	3	0	9	6	5.83335
289	1	3	0	9	7	5.83335
290	1	3	0	9	8	5.83335
291	1	3	0	9	9	5.83335
292	1	3	0	9	10	5.83335
293	1	3	0	9	11	5.83335
294	1	3	0	9	12	5.83335
295	1	3	0	9	13	5.83335
296	1	3	0	9	14	5.83335
297	1	2	0	9	15	5.83335
298	1	2	0	10	5	5.83335
299	1	3	0	10	6	5.83335
300	1	3	0	10	7	5.83335
301	1	3	0	10	8	5.83335
302	1	3	0	10	9	5.83335
303	1	3	0	10	10	5.83335
304	1	3	0	10	11	5.83335
305	1	3	0	10	12	5.83335
306	1	3	0	10	13	5.83335
307	1	3	0	10	14	5.83335
308	1	2	0	10	15	5.83335
309	1	2	0	11	5	5.83335
310	1	3	0	11	6	5.83335
311	1	3	0	11	7	5.83335
312	1	3	0	11	8	5.83335
313	1	3	0	11	9	5.83335
314	1	3	0	11	10	5.83335
315	1	3	0	11	11	5.83335
316	1	3	0	11	12	5.83335
317	1	3	0	11	13	5.83335
318	1	3	0	11	14	5.83335
319	1	2	0	11	15	5.83335
320	1	2	0	12	5	5.83335
321	1	3	0	12	6	5.83335
322	1	3	0	12	7	5.83335
323	1	3	0	12	8	5.83335
324	1	3	0	12	9	5.83335
325	1	3	0	12	10	5.83335
326	1	3	0	12	11	5.83335
327	1	3	0	12	12	5.83335
328	1	3	0	12	13	5.83335
329	1	3	0	12	14	5.83335
330	1	2	0	12	15	5.83335
331	1	2	0	13	5	5.83335
332	1	3	0	13	6	5.83335
333	1	3	0	13	7	5.83335
334	1	3	0	13	8	5.83335
335	1	3	0	13	9	5.83335
336	1	3	0	13	10	5.83335
337	1	3	0	13	11	5.83335
338	1	3	0	13	12	5.83335
339	1	3	0	13	13	5.83335
340	1	3	0	13	14	5.83335
341	1	2	0	13	15	5.83335
342	1	2	0	14	5	5.83335
343	1	3	0	14	6	5.83335
344	1	3	0	14	7	5.83335
345	1	3	0	14	8	5.83335
346	1	3	0	14	9	5.83335
347	1	3	0	14	10	5.83335
348	1	3	0	14	11	5.83335
349	1	3	0	14	12	5.83335
350	1	3	0	14	13	5.83335
351	1	3	0	14	14	5.83335
352	1	2	0	14	15	5.83335
353	1	2	0	15	5	5.83335
354	1	2	0	15	6	5.83335
355	1	2	0	15	7	5.83335
356	1	2	0	15	8	5.83335
357	1	2	0	15	9	5.83335
358	1	2	0	15	10	5.83335
359	1	2	0	15	11	5.83335
360	1	2	0	15	12	5.83335
361	1	2	0	15	13	5.83335
362	1	2	0	15	14	5.83335
363	1	2	0	15	15	5.83335
364	1	2	0	5	5	6.83335
365	1	2	0	5	6	6.83335
366	1	2	0	5	7	6.83335
367	1	2	0	5	8	6.83335
368	1	2	0	5	9	6.83335
369	1	2	0	5	10	6.83335
370	1	2	0	5	11	6.83335
371	1	2	0	5	12	6.83335
372	1	2	0	5	13	6.83335
373	1	2	0	5	14	6.83335
374	1	2	0	5	15	6.83335
375	1	2	0	6	5	6.83335
376	1	3	0	6	6	6.83335
377	1	3	0	6	7	6.83335
378	1	3	0	6	8	6.83335
379	1	3	0	6	9	6.83335
380	1	3	0	6	10	6.83335
381	1	3	0	6	11	6.83335
382	1	3	0	6	12	6.83335
383	1	3	0	6	13	6.83335
384	1	3	0	6	14	6.83335
385	1	2	0	6	15	6.83335
386	1	2	0	7	5	6.83335
387	1	3	0	7	6	6.83335
388	1	3	0	7	7	6.83335
389	1	3	0	7	8	6.83335
390	1	3	0	7	9	6.83335
391	1	3	0	7	10	6.83335
392	1	3	0	7	11	6.83335
393	1	3	0	7	12	6.83335
394	1	3	0	7	13	6.83335
395	1	3	0	7	14	6.83335
396	1	2	0	7	15	6.83335
397	1	2	0	8	5	6.83335
398	1	3	0	8	6	6.83335
399	1	3	0	8	7	6.83335
400	1	3	0	8	8	6.83335
401	1	3	0	8	9	6.83335
402	1	3	0	8	10	6.83335
403	1	3	0	8	11	6.83335
404	1	3	0	8	12	6.83335
405	1	3	0	8	13	6.83335
406	1	3	0	8	14	6.83335
407	1	2	0	8	15	6.83335
408	1	2	0	9	5	6.83335
409	1	3	0	9	6	6.83335
410	1	3	0	9	7	6.83335
411	1	3	0	9	8	6.83335
412	1	3	0	9	9	6.83335
413	1	3	0	9	10	6.83335
414	1	3	0	9	11	6.83335
415	1	3	0	9	12	6.83335
416	1	3	0	9	13	6.83335
417	1	3	0	9	14	6.83335
418	1	2	0	9	15	6.83335
419	1	2	0	10	5	6.83335
420	1	3	0	10	6	6.83335
421	1	3	0	10	7	6.83335
422	1	3	0	10	8	6.83335
423	1	3	0	10	9	6.83335
424	1	3	0	10	10	6.83335
425	1	3	0	10	11	6.83335
426	1	3	0	10	12	6.83335
427	1	3	0	10	13	6.83335
428	1	3	0	10	14	6.83335
429	1	2	0	10	15	6.83335
430	1	2	0	11	5	6.83335
431	1	3	0	11	6	6.83335
432	1	3	0	11	7	6.83335
433	1	3	0	11	8	6.83335
434	1	3	0	11	9	6.83335
435	1	3	0	11	10	6.83335
436	1	3	0	11	11	6.83335
437	1	3	0	11	12	6.83335
438	1	3	0	11	13	6.83335
439	1	3	0	11	14	6.83335
440	1	2	0	11	15	6.83335
441	1	2	0	12	5	6.83335
442	1	3	0	12	6	6.83335
443	1	3	0	12	7	6.83335
444	1	3	0	12	8	6.83335
445	1	3	0	12	9	6.83335
446	1	3	0	12	10	6.83335
447	1	3	0	12	11	6.83335
448	1	3	0	12	12	6.83335
449	1	3	0	12	13	6.83335
450	1	3	0	12	14	6.83335
451	1	2	0	12	15	6.83335
452	1	2	0	13	5	6.83335
453	1	3	0	13	6	6.83335
454	1	3	0	13	7	6.83335
455	1	3	0	13	8	6.83335
456	1	3	0	13	9	6.83335
457	1	3	0	13	10	6.83335
458	1	3	0	13	11	6.83335
459	1	3	0	13	12	6.83335
460	1	3	0	13	13	6.83335
461	1	3	0	13	14	6.83335
462	1	2	0	13	15	6.83335
463	1	2	0	14	5	6.83335
464	1	3	0	14	6	6.83335
465	1	3	0	14	7	6.83335
466	1	3	0	14	8	6.83335
467	1	3	0	14	9	6.83335
468	1	3	0	14	10	6.83335
469	1	3	0	14	11	6.83335
470	1	3	0	14	12	6.83335
471	1	3	0	14	13	6.83335
472	1	3	0	14	14	6.83335
473	1	2	0	14	15	6.83335
474	1	2	0	15	5	6.83335
475	1	2	0	15	6	6.83335
476	1	2	0	15	7	6.83335
477	1	2	0	15	8	6.83335
478	1	2	0	15	9	6.83335
479	1	2	0	15	10	6.83335
480	1	2	0	15	11	6.83335
481	1	2	0	15	12	6.83335
482	1	2	0	15	13	6.83335
483	1	2	0	15	14	6.83335
484	1	2	0	15	15	6.83335
485	1	2	0	5	5	7.83335
486	1	2	0	5	6	7.83335
487	1	2	0	5	7	7.83335
488	1	2	0	5	8	7.83335
489	1	2	0	5	9	7.83335
490	1	2	0	5	10	7.83335
491	1	2	0	5	11	7.83335
492	1	2	0	5	12	7.83335
493	1	2	0	5	13	7.83335
494	1	2	0	5	14	7.83335
495	1	2	0	5	15	7.83335
496	1	2	0	6	5	7.83335
497	1	3	0	6	6	7.83335
498	1	3	0	6	7	7.83335
499	1	3	0	6	8	7.83335
500	1	3	0	6	9	7.83335
501	1	3	0	6	10	7.83335
502	1	3	0	6	11	7.83335
503	1	3	0	6	12	7.83335
504	1	3	0	6	13	7.83335
505	1	3	0	6	14	7.83335
506	1	2	0	6	15	7.83335
507	1	2	0	7	5	7.83335
508	1	3	0	7	6	7.83335
509	1	3	0	7	7	7.83335
510	1	3	0	7	8	7.83335
511	1	3	0	7	9	7.83335
512	1	3	0	7	10	7.83335
513	1	3	0	7	11	7.83335
514	1	3	0	7	12	7.83335
515	1	3	0	7	13	7.83335
516	1	3	0	7	14	7.83335
517	1	2	0	7	15	7.83335
518	1	2	0	8	5	7.83335
519	1	3	0	8	6	7.83335
520	1	3	0	8	7	7.83335
521	1	3	0	8	8	7.83335
522	1	3	0	8	9	7.83335
523	1	3	0	8	10	7.83335
524	1	3	0	8	11	7.83335
525	1	3	0	8	12	7.83335
526	1	3	0	8	13	7.83335
527	1	3	0	8	14	7.83335
528	1	2	0	8	15	7.83335
529	1	2	0	9	5	7.83335
530	1	3	0	9	6	7.83335
531	1	3	0	9	7	7.83335
532	1	3	0	9	8	7.83335
533	1	3	0	9	9	7.83335
534	1	3	0	9	10	7.83335
535	1	3	0	9	11	7.83335
536	1	3	0	9	12	7.83335
537	1	3	0	9	13	7.83335
538	1	3	0	9	14	7.83335
539	1	2	0	9	15	7.83335
540	1	2	0	10	5	7.83335
541	1	3	0	10	6	7.83335
542	1	3	0	10	7	7.83335
543	1	3	0	10	8	7.83335
544	1	3	0	10	9	7.83335
545	1	3	0	10	10	7.83335
546	1	3	0	10	11	7.83335
547	1	3	0	10	12	7.83335
548	1	3	0	10	13	7.83335
549	1	3	0	10	14	7.83335
550	1	2	0	10	15	7.83335
551	1	2	0	11	5	7.83335
552	1	3	0	11	6	7.83335
553	1	3	0	11	7	7.83335
554	1	3	0	11	8	7.83335
555	1	3	0	11	9	7.83335
556	1	3	0	11	10	7.83335
557	1	3	0	11	11	7.83335
558	1	3	0	11	12	7.83335
559	1	3	0	11	13	7.83335
560	1	3	0	11	14	7.83335
561	1	2	0	11	15	7.83335
562	1	2	0	12	5	7.83335
563	1	3	0	12	6	7.83335
564	1	3	0	12	7	7.83335
565	1	3	0	12	8	7.83335
566	1	3	0	12	9	7.83335
567	1	3	0	12	10	7.83335
568	1	3	0	12	11	7.83335
569	1	3	0	12	12	7.83335
570	1	3	0	12	13	7.83335
571	1	3	0	12	14	7.83335
572	1	2	0	12	15	7.83335
573	1	2	0	13	5	7.83335
574	1	3	0	13	6	7.83335
575	1	3	0	13	7	7.83335
576	1	3	0	13	8	7.83335
577	1	3	0	13	9	7.83335
578	1	3	0	13	10	7.83335
579	1	3	0	13	11	7.83335
580	1	3	0	13	12	7.83335
581	1	3	0	13	13	7.83335
582	1	3	0	13	14	7.83335
583	1	2	0	13	15	7.83335
584	1	2	0	14	5	7.83335
585	1	3	0	14	6	7.83335
586	1	3	0	14	7	7.83335
587	1	3	0	14	8	7.83335
588	1	3	0	14	9	7.83335
589	1	3	0	14	10	7.83335
590	1	3	0	14	11	7.83335
591	1	3	0	14	12	7.83335
592	1	3	0	14	13	7.83335
593	1	3	0	14	14	7.83335
594	1	2	0	14	15	7.83335
595	1	2	0	15	5	7.83335
596	1	2	0	15	6	7.83335
597	1	2	0	15	7	7.83335
598	1	2	0	15	8	7.83335
599	1	2	0	15	9	7.83335
600	1	2	0	15	10	7.83335
601	1	2	0	15	11	7.83335
602	1	2	0	15	12	7.83335
603	1	2	0	15	13	7.83335
604	1	2	0	15	14	7.83335
605	1	2	0	15	15	7.83335
606	1	2	0	5	5	8.83335
607	1	2	0	5	6	8.83335
608	1	2	0	5	7	8.83335
609	1	2	0	5	8	8.83335
610	1	2	0	5	9	8.83335
611	1	2	0	5	10	8.83335
612	1	2	0	5	11	8.83335
613	1	2	0	5	12	8.83335
614	1	2	0	5	13	8.83335
615	1	2	0	5	14	8.83335
616	1	2	0	5	15	8.83335
617	1	2	0	6	5	8.83335
618	1	3	0	6	6	8.83335
619	1	3	0	6	7	8.83335
620	1	3	0	6	8	8.83335
621	1	3	0	6	9	8.83335
622	1	3	0	6	10	8.83335
623	1	3	0	6	11	8.83335
624	1	3	0	6	12	8.83335
625	1	3	0	6	13	8.83335
626	1	3	0	6	14	8.83335
627	1	2	0	6	15	8.83335
628	1	2	0	7	5	8.83335
629	1	3	0	7	6	8.83335
630	1	3	0	7	7	8.83335
631	1	3	0	7	8	8.83335
632	1	3	0	7	9	8.83335
633	1	3	0	7	10	8.83335
634	1	3	0	7	11	8.83335
635	1	3	0	7	12	8.83335
636	1	3	0	7	13	8.83335
637	1	3	0	7	14	8.83335
638	1	2	0	7	15	8.83335
639	1	2	0	8	5	8.83335
640	1	3	0	8	6	8.83335
641	1	3	0	8	7	8.83335
642	1	3	0	8	8	8.83335
643	1	3	0	8	9	8.83335
644	1	3	0	8	10	8.83335
645	1	3	0	8	11	8.83335
646	1	3	0	8	12	8.83335
647	1	3	0	8	13	8.83335
648	1	3	0	8	14	8.83335
649	1	2	0	8	15	8.83335
650	1	2	0	9	5	8.83335
651	1	3	0	9	6	8.83335
652	1	3	0	9	7	8.83335
653	1	3	0	9	8	8.83335
654	1	3	0	9	9	8.83335
655	1	3	0	9	10	8.83335
656	1	3	0	9	11	8.83335
657	1	3	0	9	12	8.83335
658	1	3	0	9	13	8.83335
659	1	3	0	9	14	8.83335
660	1	2	0	9	15	8.83335
661	1	2	0	10	5	8.83335
662	1	3	0	10	6	8.83335
663	1	3	0	10	7	8.83335
664	1	3	0	10	8	8.83335
665	1	3	0	10	9	8.83335
666	1	3	0	10	10	8.83335
667	1	3	0	10	11	8.83335
668	1	3	0	10	12	8.83335
669	1	3	0	10	13	8.83335
670	1	3	0	10	14	8.83335
671	1	2	0	10	15	8.83335
672	1	2	0	11	5	8.83335
673	1	3	0	11	6	8.83335
674	1	3	0	11	7	8.83335
675	1	3	0	11	8	8.83335
676	1	3	0	11	9	8.83335
677	1	3	0	11	10	8.83335
678	1	3	0	11	11	8.83335
679	1	3	0	11	12	8.83335
680	1	3	0	11	13	8.83335
681	1	3	0	11	14	8.83335
682	1	2	0	11	15	8.83335
683	1	2	0	12	5	8.83335
684	1	3	0	12	6	8.83335
685	1	3	0	12	7	8.83335
686	1	3	0	12	8	8.83335
687	1	3	0	12	9	8.83335
688	1	3	0	12	10	8.83335
689	1	3	0	12	11	8.83335
690	1	3	0	12	12	8.83335
691	1	3	0	12	13	8.83335
692	1	3	0	12	14	8.83335
693	1	2	0	12	15	8.83335
694	1	2	0	13	5	8.83335
695	1	3	0	13	6	8.83335
696	1	3	0	13	7	8.83335
697	1	3	0	13	8	8.83335
698	1	3	0	13	9	8.83335
699	1	3	0	13	10	8.83335
700	1	3	0	13	11	8.83335
701	1	3	0	13	12	8.83335
702	1	3	0	13	13	8.83335
703	1	3	0	13	14	8.83335
704	1	2	0	13	15	8.83335
705	1	2	0	14	5	8.83335
706	1	3	0	14	6	8.83335
707	1	3	0	14	7	8.83335
708	1	3	0	14	8	8.83335
709	1	3	0	14	9	8.83335
710	1	3	0	14	10	8.83335
711	1	3	0	14	11	8.83335
712	1	3	0	14	12	8.83335
713	1	3	0	14	13	8.83335
714	1	3	0	14	14	8.83335
715	1	2	0	14	15	8.83335
716	1	2	0	15	5	8.83335
717	1	2	0	15	6	8.83335
718	1	2	0	15	7	8.83335
719	1	2	0	15	8	8.83335
720	1	2	0	15	9	8.83335
721	1	2	0	15	10	8.83335
722	1	2	0	15	11	8.83335
723	1	2	0	15	12	8.83335
724	1	2	0	15	13	8.83335
725	1	2	0	15	14	8.83335
726	1	2	0	15	15	8.83335
727	1	2	0	5	5	9.83335
728	1	2	0	5	6	9.83335
729	1	2	0	5	7	9.83335
730	1	2	0	5	8	9.83335
731	1	2	0	5	9	9.83335
732	1	2	0	5	10	9.83335
733	1	2	0	5	11	9.83335
734	1	2	0	5	12	9.83335
735	1	2	0	5	13	9.83335
736	1	2	0	5	14	9.83335
737	1	2	0	5	15	9.83335
738	1	2	0	6	5	9.83335
739	1	3	0	6	6	9.83335
740	1	3	0	6	7	9.83335
741	1	3	0	6	8	9.83335
742	1	3	0	6	9	9.83335
743	1	3	0	6	10	9.83335
744	1	3	0	6	11	9.83335
745	1	3	0	6	12	9.83335
746	1	3	0	6	13	9.83335
747	1	3	0	6	14	9.83335
748	1	2	0	6	15	9.83335
749	1	2	0	7	5	9.83335
750	1	3	0	7	6	9.83335
751	1	3	0	7	7	9.83335
752	1	3	0	7	8	9.83335
753	1	3	0	7	9	9.83335
754	1	3	0	7	10	9.83335
755	1	3	0	7	11	9.83335
756	1	3	0	7	12	9.83335
757	1	3	0	7	13	9.83335
758	1	3	0	7	14	9.83335
759	1	2	0	7	15	9.83335
760	1	2	0	8	5	9.83335
761	1	3	0	8	6	9.83335
762	1	3	0	8	7	9.83335
763	1	3	0	8	8	9.83335
764	1	3	0	8	9	9.83335
765	1	3	0	8	10	9.83335
766	1	3	0	8	11	9.83335
767	1	3	0	8	12	9.83335
768	1	3	0	8	13	9.83335
769	1	3	0	8	14	9.83335
770	1	2	0	8	15	9.83335
771	1	2	0	9	5	9.83335
772	1	3	0	9	6	9.83335
773	1	3	0	9	7	9.83335
774	1	3	0	9	8	9.83335
775	1	3	0	9	9	9.83335
776	1	3	0	9	10	9.83335
777	1	3	0	9	11	9.83335
778	1	3	0	9	12	9.83335
779	1	3	0	9	13	9.83335
780	1	3	0	9	14	9.83335
781	1	2	0	9	15	9.83335
782	1	2	0	10	5	9.83335
783	1	3	0	10	6	9.83335
784	1	3	0	10	7	9.83335
785	1	3	0	10	8	9.83335
786	1	3	0	10	9	9.83335
787	1	3	0	10	10	9.83335
788	1	3	0	10	11	9.83335
789	1	3	0	10	12	9.83335
790	1	3	0	10	13	9.83335
791	1	3	0	10	14	9.83335
792	1	2	0	10	15	9.83335
793	1	2	0	11	5	9.83335
794	1	3	0	11	6	9.83335
795	1	3	0	11	7	9.83335
796	1	3	0	11	8	9.83335
797	1	3	0	11	9	9.83335
798	1	3	0	11	10	9.83335
799	1	3	0	11	11	9.83335
800	1	3	0	11	12	9.83335
801	1	3	0	11	13	9.83335
802	1	3	0	11	14	9.83335
803	1	2	0	11	15	9.83335
804	1	2	0	12	5	9.83335
805	1	3	0	12	6	9.83335
806	1	3	0	12	7	9.83335
807	1	3	0	12	8	9.83335
808	1	3	0	12	9	9.83335
809	1	3	0	12	10	9.83335
810	1	3	0	12	11	9.83335
811	1	3	0	12	12	9.83335
812	1	3	0	12	13	9.83335
813	1	3	0	12	14	9.83335
814	1	2	0	12	15	9.83335
815	1	2	0	13	5	9.83335
816	1	3	0	13	6	9.83335
817	1	3	0	13	7	9.83335
818	1	3	0	13	8	9.83335
819	1	3	0	13	9	9.83335
820	1	3	0	13	10	9.83335
821	1	3	0	13	11	9.83335
822	1	3	0	13	12	9.83335
823	1	3	0	13	13	9.83335
824	1	3	0	13	14	9.83335
825	1	2	0	13	15	9.83335
826	1	2	0	14	5	9.83335
827	1	3	0	14	6	9.83335
828	1	3	0	14	7	9.83335
829	1	3	0	14	8	9.83335
830	1	3	0	14	9	9.83335
831	1	3	0	14	10	9.83335
832	1	3	0	14	11	9.83335
833	1	3	0	14	12	9.83335
834	1	3	0	14	13	9.83335
835	1	3	0	14	14	9.83335
836	1	2	0	14	15	9.83335
837	1	2	0	15	5	9.83335
838	1	2	0	15	6	9.83335
839	1	2	0	15	7	9.83335
840	1	2	0	15	8	9.83335
841	1	2	0	15	9	9.83335
842	1	2	0	15	10	9.83335
843	1	2	0	15	11	9.83335
844	1	2	0	15	12	9.83335
845	1	2	0	15	13	9.83335
846	1	2	0	15	14	9.83335
847	1	2	0	15	15	9.83335
848	1	2	0	5	5	10.83335
849	1	2	0	5	6	10.83335
850	1	2	0	5	7	10.83335
851	1	2	0	5	8	10.83335
852	1	2	0	5	9	10.83335
853	1	2	0	5	10	10.83335
854	1	2	0	5	11	10.83335
855	1	2	0	5	12	10.83335
856	1	2	0	5	13	10.83335
857	1	2	0	5	14	10.83335
858	1	2	0	5	15	10.83335
859	1	2	0	6	5	10.83335
860	1	3	0	6	6	10.83335
861	1	3	0	6	7	10.83335
862	1	3	0	6	8	10.83335
863	1	3	0	6	9	10.83335
864	1	3	0	6	10	10.83335
865	1	3	0	6	11	10.83335
866	1	3	0	6	12	10.83335
867	1	3	0	6	13	10.83335
868	1	3	0	6	14	10.83335
869	1	2	0	6	15	10.83335
870	1	2	0	7	5	10.83335
871	1	3	0	7	6	10.83335
872	1	3	0	7	7	10.83335
873	1	3	0	7	8	10.83335
874	1	3	0	7	9	10.83335
875	1	3	0	7	10	10.83335
876	1	3	0	7	11	10.83335
877	1	3	0	7	12	10.83335
878	1	3	0	7	13	10.83335
879	1	3	0	7	14	10.83335
880	1	2	0	7	15	10.83335
881	1	2	0	8	5	10.83335
882	1	3	0	8	6	10.83335
883	1	3	0	8	7	10.83335
884	1	3	0	8	8	10.83335
885	1	3	0	8	9	10.83335
886	1	3	0	8	10	10.83335
887	1	3	0	8	11	10.83335
888	1	3	0	8	12	10.83335
889	1	3	0	8	13	10.83335
890	1	3	0	8	14	10.83335
891	1	2	0	8	15	10.83335
892	1	2	0	9	5	10.83335
893	1	3	0	9	6	10.83335
894	1	3	0	9	7	10.83335
895	1	3	0	9	8	10.83335
896	1	3	0	9	9	10.83335
897	1	3	0	9	10	10.83335
898	1	3	0	9	11	10.83335
899	1	3	0	9	12	10.83335
900	1	3	0	9	13	10.83335
901	1	3	0	9	14	10.83335
902	1	2	0	9	15	10.83335
903	1	2	0	10	5	10.83335
904	1	3	0	10	6	10.83335
905	1	3	0	10	7	10.83335
906	1	3	0	10	8	10.83335
907	1	3	0	10	9	10.83335
908	1	3	0	10	10	10.83335
909	1	3	0	10	11	10.83335
910	1	3	0	10	12	10.83335
911	1	3	0	10	13	10.83335
912	1	3	0	10	14	10.83335
913	1	2	0	10	15	10.83335
914	1	2	0	11	5	10.83335
915	1	3	0	11	6	10.83335
916	1	3	0	11	7	10.83335
917	1	3	0	11	8	10.83335
918	1	3	0	11	9	10.83335
919	1	3	0	11	10	10.83335
920	1	3	0	11	11	10.83335
921	1	3	0	11	12	10.83335
922	1	3	0	11	13	10.83335
923	1	3	0	11	14	10.83335
924	1	2	0	11	15	10.83335
925	1	2	0	12	5	10.83335
926	1	3	0	12	6	10.83335
927	1	3	0	12	7	10.83335
928	1	3	0	12	8	10.83335
929	1	3	0	12	9	10.83335
930	1	3	0	12	10	10.83335
931	1	3	0	12	11	10.83335
932	1	3	0	12	12	10.83335
933	1	3	0	12	13	10.83335
934	1	3	0	12	14	10.83335
935	1	2	0	12	15	10.83335
936	1	2	0	13	5	10.83335
937	1	3	0	13	6	10.83335
938	1	3	0	13	7	10.83335
939	1	3	0	13	8	10.83335
940	1	3	0	13	9	10.83335
941	1	3	0	13	10	10.83335
942	1	3	0	13	11	10.83335
943	1	3	0	13	12	10.83335
944	1	3	0	13	13	10.83335
945	1	3	0	13	14	10.83335
946	1	2	0	13	15	10.83335
947	1	2	0	14	5	10.83335
948	1	3	0	14	6	10.83335
949	1	3	0	14	7	10.83335
950	1	3	0	14	8	10.83335
951	1	3	0	14	9	10.83335
952	1	3	0	14	10	10.83335
953	1	3	0	14	11	10.83335
954	1	3	0	14	12	10.83335
955	1	3	0	14	13	10.83335
956	1	3	0	14	14	10.83335
957	1	2	0	14	15	10.83335
958	1	2	0	15	5	10.83335
959	1	2	0	15	6	10.83335
960	1	2	0	15	7	10.83335
961	1	2	0	15	8	10.83335
962	1	2	0	15	9	10.83335
963	1	2	0	15	10	10.83335
964	1	2	0	15	11	10.83335
965	1	2	0	15	12	10.83335
966	1	2	0	15	13	10.83335
967	1	2	0	15	14	10.83335
968	1	2	0	15	15	10.83335
969	1	2	0	5	5	11.83335
970	1	2	0	5	6	11.83335
971	1	2	0	5	7	11.83335
972	1	2	0	5	8	11.83335
973	1	2	0	5	9	11.83335
974	1	2	0	5	10	11.83335
975	1	2	0	5	11	11.83335
976	1	2	0	5	12	11.83335
977	1	2	0	5	13	11.83335
978	1	2	0	5	14	11.83335
979	1	2	0	5	15	11.83335
980	1	2	0	6	5	11.83335
981	1	3	0	6	6	11.83335
982	1	3	0	6	7	11.83335
983	1	3	0	6	8	11.83335
984	1	3	0	6	9	11.83335
985	1	3	0	6	10	11.83335
986	1	3	0	6	11	11.83335
987	1	3	0	6	12	11.83335
988	1	3	0	6	13	11.83335
989	1	3	0	6	14	11.83335
990	1	2	0	6	15	11.83335
991	1	2	0	7	5	11.83335
992	1	3	0	7	6	11.83335
993	1	3	0	7	7	11.83335
994	1	3	0	7	8	11.83335
995	1	3	0	7	9	11.83335
996	1	3	0	7	10	11.83335
997	1	3	0	7	11	11.83335
998	1	3	0	7	12	11.83335
999	1	3	0	7	13	11.83335
1000	1	3	0	7	14	11.83335
1001	1	2	0	7	15	11.83335
1002	1	2	0	8	5	11.83335
1003	1	3	0	8	6	11.83335
1004	1	3	0	8	7	11.83335
1005	1	3	0	8	8	11.83335
1006	1	3	0	8	9	11.83335
1007	1	3	0	8	10	11.83335
1008	1	3	0	8	11	11.83335
1009	1	3	0	8	12	11.83335
1010	1	3	0	8	13	11.83335
1011	1	3	0	8	14	11.83335
1012	1	2	0	8	15	11.83335
1013	1	2	0	9	5	11.83335
1014	1	3	0	9	6	11.83335
1015	1	3	0	9	7	11.83335
1016	1	3	0	9	8	11.83335
1017	1	3	0	9	9	11.83335
1018	1	3	0	9	10	11.83335
1019	1	3	0	9	11	11.83335
1020	1	3	0	9	12	11.83335
1021	1	3	0	9	13	11.83335
1022	1	3	0	9	14	11.83335
1023	1	2	0	9	15	11.83335
1024	1	2	0	10	5	11.83335
1025	1	3	0	10	6	11.83335
1026	1	3	0	10	7	11.83335
1027	1	3	0	10	8	11.83335
1028	1	3	0	10	9	11.83335
1029	1	3	0	10	10	11.83335
1030	1	3	0	10	11	11.83335
1031	1	3	0	10	12	11.83335
1032	1	3	0	10	13	11.83335
1033	1	3	0	10	14	11.83335
1034	1	2	0	10	15	11.83335
1035	1	2	0	11	5	11.83335
1036	1	3	0	11	6	11.83335
1037	1	3	0	11	7	11.83335
1038	1	3	0	11	8	11.83335
1039	1	3	0	11	9	11.83335
1040	1	3	0	11	10	11.83335
1041	1	3	0	11	11	11.83335
1042	1	3	0	11	12	11.83335
1043	1	3	0	11	13	11.83335
1044	1	3	0	11	14	11.83335
1045	1	2	0	11	15	11.83335
1046	1	2	0	12	5	11.83335
1047	1	3	0	12	6	11.83335
1048	1	3	0	12	7	11.83335
1049	1	3	0	12	8	11.83335
1050	1	3	0	12	9	11.83335
1051	1	3	0	12	10	11.83335
1052	1	3	0	12	11	11.83335
1053	1	3	0	12	12	11.83335
1054	1	3	0	12	13	11.83335
1055	1	3	0	12	14	11.83335
1056	1	2	0	12	15	11.83335
1057	1	2	0	13	5	11.83335
1058	1	3	0	13	6	11.83335
1059	1	3	0	13	7	11.83335
1060	1	3	0	13	8	11.83335
1061	1	3	0	13	9	11.83335
1062	1	3	0	13	10	11.83335
1063	1	3	0	13	11	11.83335
1064	1	3	0	13	12	11.83335
1065	1	3	0	13	13	11.83335
1066	1	3	0	13	14	11.83335
1067	1	2	0	13	15	11.83335
1068	1	2	0	14	5	11.83335
1069	1	3	0	14	6	11.83335
1070	1	3	0	14	7	11.83335
1071	1	3	0	14	8	11.83335
1072	1	3	0	14	9	11.83335
1073	1	3	0	14	10	11.83335
1074	1	3	0	14	11	11.83335
1075	1	3	0	14	12	11.83335
1076	1	3	0	14	13	11.83335
1077	1	3	0	14	14	11.83335
1078	1	2	0	14	15	11.83335
1079	1	2	0	15	5	11.83335
1080	1	2	0	15	6	11.83335
1081	1	2	0	15	7	11.83335
1082	1	2	0	15	8	11.83335
1083	1	2	0	15	9	11.83335
1084	1	2	0	15	10	11.83335
1085	1	2	0	15	11	11.83335
1086	1	2	0	15	12	11.83335
1087	1	2	0	15	13	11.83335
1088	1	2	0	15	14	11.83335
1089	1	2	0	15	15	11.83335
1090	1	2	0	5	5	12.83335
1091	1	2	0	5	6	12.83335
1092	1	2	0	5	7	12.83335
1093	1	2	0	5	8	12.83335
1094	1	2	0	5	9	12.83335
1095	1	2	0	5	10	12.83335
1096	1	2	0	5	11	12.83335
1097	1	2	0	5	12	12.83335
1098	1	2	0	5	13	12.83335
1099	1	2	0	5	14	12.83335
1100	1	2	0	5	15	12.83335
1101	1	2	0	6	5	12.83335
1102	1	3	0	6	6	12.83335
1103	1	3	0	6	7	12.83335
1104	1	3	0	6	8	12.83335
1105	1	3	0	6	9	12.83335
1106	1	3	0	6	10	12.83335
1107	1	3	0	6	11	12.83335
1108	1	3	0	6	12	12.83335
1109	1	3	0	6	13	12.83335
1110	1	3	0	6	14	12.83335
1111	1	2	0	6	15	12.83335
1112	1	2	0	7	5	12.83335
1113	1	3	0	7	6	12.83335
1114	1	3	0	7	7	12.83335
1115	1	3	0	7	8	12.83335
1116	1	3	0	7	9	12.83335
1117	1	3	0	7	10	12.83335
1118	1	3	0	7	11	12.83335
1119	1	3	0	7	12	12.83335
1120	1	3	0	7	13	12.83335
1121	1	3	0	7	14	12.83335
1122	1	2	0	7	15	12.83335
1123	1	2	0	8	5	12.83335
1124	1	3	0	8	6	12.83335
1125	1	3	0	8	7	12.83335
1126	1	3	0	8	8	12.83335
1127	1	3	0	8	9	12.83335
1128	1	3	0	8	10	12.83335
1129	1	3	0	8	11	12.83335
1130	1	3	0	8	12	12.83335
1131	1	3	0	8	13	12.83335
1132	1	3	0	8	14	12.83335
1133	1	2	0	8	15	12.83335
1134	1	2	0	9	5	12.83335
1135	1	3	0	9	6	12.83335
1136	1	3	0	9	7	12.83335
1137	1	3	0	9	8	12.83335
1138	1	3	0	9	9	12.83335
1139	1	3	0	9	10	12.83335
1140	1	3	0	9	11	12.83335
1141	1	3	0	9	12	12.83335
1142	1	3	0	9	13	12.83335
1143	1	3	0	9	14	12.83335
1144	1	2	0	9	15	12.83335
1145	1	2	0	10	5	12.83335
1146	1	3	0	10	6	12.83335
1147	1	3	0	10	7	12.83335
1148	1	3	0	10	8	12.83335
1149	1	3	0	10	9	12.83335
1150	1	3	0	10	10	12.83335
1151	1	3	0	10	11	12.83335
1152	1	3	0	10	12	12.83335
1153	1	3	0	10	13	12.83335
1154	1	3	0	10	14	12.83335
1155	1	2	0	10	15	12.83335
1156	1	2	0	11	5	12.83335
1157	1	3	0	11	6	12.83335
1158	1	3	0	11	7	12.83335
1159	1	3	0	11	8	12.83335
1160	1	3	0	11	9	12.83335
1161	1	3	0	11	10	12.83335
1162	1	3	0	11	11	12.83335
1163	1	3	0	11	12	12.83335
1164	1	3	0	11	13	12.83335
1165	1	3	0	11	14	12.83335
1166	1	2	0	11	15	12.83335
1167	1	2	0	12	5	12.83335
1168	1	3	0	12	6	12.83335
1169	1	3	0	12	7	12.83335
1170	1	3	0	12	8	12.83335
1171	1	3	0	12	9	12.83335
1172	1	3	0	12	10	12.83335
1173	1	3	0	12	11	12.83335
1174	1	3	0	12	12	12.83335
1175	1	3	0	12	13	12.83335
1176	1	3	0	12	14	12.83335
1177	1	2	0	12	15	12.83335
1178	1	2	0	13	5	12.83335
1179	1	3	0	13	6	12.83335
1180	1	3	0	13	7	12.83335
1181	1	3	0	13	8	12.83335
1182	1	3	0	13	9	12.83335
1183	1	3	0	13	10	12.83335
1184	1	3	0	13	11	12.83335
1185	1	3	0	13	12	12.83335
1186	1	3	0	13	13	12.83335
1187	1	3	0	13	14	12.83335
1188	1	2	0	13	15	12.83335
1189	1	2	0	14	5	12.83335
1190	1	3	0	14	6	12.83335
1191	1	3	0	14	7	12.83335
1192	1	3	0	14	8	12.83335
1193	1	3	0	14	9	12.83335
1194	1	3	0	14	10	12.83335
1195	1	3	0	14	11	12.83335
1196	1	3	0	14	12	12.83335
1197	1	3	0	14	13	12.83335
1198	1	3	0	14	14	12.83335
1199	1	2	0	14	15	12.83335
1200	1	2	0	15	5	12.83335
1201	1	2	0	15	6	12.83335
1202	1	2	0	15	7	12.83335
1203	1	2	0	15	8	12.83335
1204	1	2	0	15	9	12.83335
1205	1	2	0	15	10	12.83335
1206	1	2	0	15	11	12.83335
1207	1	2	0	15	12	12.83335
1208	1	2	0	15	13	12.83335
1209	1	2	0	15	14	12.83335
1210	1	2	0	15	15	12.83335
1211	1	2	0	5	5	13.83335
1212	1	2	0	5	6	13.83335
1213	1	2	0	5	7	13.83335
1214	1	2	0	5	8	13.83335
1215	1	2	0	5	9	13.83335
1216	1	2	0	5	10	13.83335
1217	1	2	0	5	11	13.83335
1218	1	2	0	5	12	13.83335
1219	1	2	0	5	13	13.83335
1220	1	2	0	5	14	13.83335
1221	1	2	0	5	15	13.83335
1222	1	2	0	6	5	13.83335
1223	1	2	0	6	6	13.83335
1224	1	2	0	6	7	13.83335
1225	1	2	0	6	8	13.83335
1226	1	2	0	6	9	13.83335
1227	1	2	0	6	10	13.83335
1228	1	2	0	6	11	13.83335
1229	1	2	0	6	12	13.83335
1230	1	2	0	6	13	13.83335
1231	1	2	0	6	14	13.83335
1232	1	2	0	6	15	13.83335
1233	1	2	0	7	5	13.83335
1234	1	2	0	7	6	13.83335
1235	1	2	0	7	7	13.83335
1236	1	2	0	7	8	13.83335
1237	1	2	0	7	9	13.83335
1238	1	2	0	7	10	13.83335
1239	1	2	0	7	11	13.83335
1240	1	2	0	7	12	13.83335
1241	1	2	0	7	13	13.83335
1242	1	2	0	7	14	13.83335
1243	1	2	0	7	15	13.83335
1244	1	2	0	8	5	13.83335
1245	1	2	0	8	6	13.83335
1246	1	2	0	8	7	13.83335
1247	1	2	0	8	8	13.83335
1248	1	2	0	8	9	13.83335
1249	1	2	0	8	10	13.83335
1250	1	2	0	8	11	13.83335
1251	1	2	0	8	12	13.83335
1252	1	2	0	8	13	13.83335
1253	1	2	0	8	14	13.83335
1254	1	2	0	8	15	13.83335
1255	1	2	0	9	5	13.83335
1256	1	2	0	9	6	13.83335
1257	1	2	0	9	7	13.83335
1258	1	2	0	9	8	13.83335
1259	1	2	0	9	9	13.83335
1260	1	2	0	9	10	13.83335
1261	1	2	0	9	11	13.83335
1262	1	2	0	9	12	13.83335
1263	1	2	0	9	13	13.83335
1264	1	2	0	9	14	13.83335
1265	1	2	0	9	15	13.83335
1266	1	2	0	10	5	13.83335
1267	1	2	0	10	6	13.83335
1268	1	2	0	10	7	13.83335
1269	1	2	0	10	8	13.83335
1270	1	2	0	10	9	13.83335
1271	1	2	0	10	10	13.83335
1272	1	2	0	10	11	13.83335
1273	1	2	0	10	12	13.83335
1274	1	2	0	10	13	13.83335
1275	1	2	0	10	14	13.83335
1276	1	2	0	10	15	13.83335
1277	1	2	0	11	5	13.83335
1278	1	2	0	11	6	13.83335
1279	1	2	0	11	7	13.83335
1280	1	2	0	11	8	13.83335
1281	1	2	0	11	9	13.83335
1282	1	2	0	11	10	13.83335
1283	1	2	0	11	11	13.83335
1284	1	2	0	11	12	13.83335
1285	1	2	0	11	13	13.83335
1286	1	2	0	11	14	13.83335
1287	1	2	0	11	15	13.83335
1288	1	2	0	12	5	13.83335
1289	1	2	0	12	6	13.83335
1290	1	2	0	12	7	13.83335
1291	1	2	0	12	8	13.83335
1292	1	2	0	12	9	13.83335
1293	1	2	0	12	10	13.83335
1294	1	2	0	12	11	13.83335
1295	1	2	0	12	12	13.83335
1296	1	2	0	12	13	13.83335
1297	1	2	0	12	14	13.83335
1298	1	2	0	12	15	13.83335
1299	1	2	0	13	5	13.83335
1300	1	2	0	13	6	13.83335
1301	1	2	0	13	7	13.83335
1302	1	2	0	13	8	13.83335
1303	1	2	0	13	9	13.83335
1304	1	2	0	13	10	13.83335
1305	1	2	0	13	11	13.83335
1306	1	2	0	13	12	13.83335
1307	1	2	0	13	13	13.83335
1308	1	2	0	13	14	13.83335
1309	1	2	0	13	15	13.83335
1310	1	2	0	14	5	13.83335
1311	1	2	0	14	6	13.83335
1312	1	2	0	14	7	13.83335
1313	1	2	0	14	8	13.83335
1314	1	2	0	14	9	13.83335
1315	1	2	0	14	10	13.83335
1316	1	2	0	14	11	13.83335
1317	1	2	0	14	12	13.83335
1318	1	2	0	14	13	13.83335
1319	1	2	0	14	14	13.83335
1320	1	2	0	14	15	13.83335
1321	1	2	0	15	5	13.83335
1322	1	2	0	15	6	13.83335
1323	1	2	0	15	7	13.83335
1324	1	2	0	15	8	13.83335
1325	1	2	0	15	9	13.83335
1326	1	2	0	15	10	13.83335
1327	1	2	0	15	11	13.83335
1328	1	2	0	15	12	13.83335
1329	1	2	0	15	13	13.83335
1330	1	2	0	15	14	13.83335
1331	1	2	0	15	15	13.83335
