1.E-07,
1143,
 -4.0000000   -2.0000000   -5.0000000    0.50000
 -4.0000000   -1.0000000   -5.0000000    0.50000
 -4.0000000    0.0000000   -5.0000000    0.50000
 -4.0000000    1.0000000   -5.0000000    0.50000
 -4.0000000    2.0000000   -5.0000000    0.50000
 -3.0000000   -3.0000000   -5.0000000    0.50000
 -3.0000000   -2.0000000   -5.0000000    0.50000
 -3.0000000   -1.0000000   -5.0000000    0.50000
 -3.0000000    0.0000000   -5.0000000    0.50000
 -3.0000000    1.0000000   -5.0000000    0.50000
 -3.0000000    2.0000000   -5.0000000    0.50000
 -3.0000000    3.0000000   -5.0000000    0.50000
 -2.0000000   -4.0000000   -5.0000000    0.50000
 -2.0000000   -3.0000000   -5.0000000    0.50000
 -2.0000000   -2.0000000   -5.0000000    0.50000
 -2.0000000   -1.0000000   -5.0000000    0.50000
 -2.0000000    0.0000000   -5.0000000    0.50000
 -2.0000000    1.0000000   -5.0000000    0.50000
 -2.0000000    2.0000000   -5.0000000    0.50000
 -2.0000000    3.0000000   -5.0000000    0.50000
 -2.0000000    4.0000000   -5.0000000    0.50000
 -1.0000000   -4.0000000   -5.0000000    0.50000
 -1.0000000   -3.0000000   -5.0000000    0.50000
 -1.0000000   -2.0000000   -5.0000000    0.50000
 -1.0000000   -1.0000000   -5.0000000    0.50000
 -1.0000000    0.0000000   -5.0000000    0.50000
 -1.0000000    1.0000000   -5.0000000    0.50000
 -1.0000000    2.0000000   -5.0000000    0.50000
 -1.0000000    3.0000000   -5.0000000    0.50000
 -1.0000000    4.0000000   -5.0000000    0.50000
  0.0000000   -4.0000000   -5.0000000    0.50000
  0.0000000   -3.0000000   -5.0000000    0.50000
  0.0000000   -2.0000000   -5.0000000    0.50000
  0.0000000   -1.0000000   -5.0000000    0.50000
  0.0000000    0.0000000   -5.0000000    0.50000
  0.0000000    1.0000000   -5.0000000    0.50000
  0.0000000    2.0000000   -5.0000000    0.50000
  0.0000000    3.0000000   -5.0000000    0.50000
  0.0000000    4.0000000   -5.0000000    0.50000
  1.0000000   -4.0000000   -5.0000000    0.50000
  1.0000000   -3.0000000   -5.0000000    0.50000
  1.0000000   -2.0000000   -5.0000000    0.50000
  1.0000000   -1.0000000   -5.0000000    0.50000
  1.0000000    0.0000000   -5.0000000    0.50000
  1.0000000    1.0000000   -5.0000000    0.50000
  1.0000000    2.0000000   -5.0000000    0.50000
  1.0000000    3.0000000   -5.0000000    0.50000
  1.0000000    4.0000000   -5.0000000    0.50000
  2.0000000   -4.0000000   -5.0000000    0.50000
  2.0000000   -3.0000000   -5.0000000    0.50000
  2.0000000   -2.0000000   -5.0000000    0.50000
  2.0000000   -1.0000000   -5.0000000    0.50000
  2.0000000    0.0000000   -5.0000000    0.50000
  2.0000000    1.0000000   -5.0000000    0.50000
  2.0000000    2.0000000   -5.0000000    0.50000
  2.0000000    3.0000000   -5.0000000    0.50000
  2.0000000    4.0000000   -5.0000000    0.50000
  3.0000000   -3.0000000   -5.0000000    0.50000
  3.0000000   -2.0000000   -5.0000000    0.50000
  3.0000000   -1.0000000   -5.0000000    0.50000
  3.0000000    0.0000000   -5.0000000    0.50000
  3.0000000    1.0000000   -5.0000000    0.50000
  3.0000000    2.0000000   -5.0000000    0.50000
  3.0000000    3.0000000   -5.0000000    0.50000
  4.0000000   -2.0000000   -5.0000000    0.50000
  4.0000000   -1.0000000   -5.0000000    0.50000
  4.0000000    0.0000000   -5.0000000    0.50000
  4.0000000    1.0000000   -5.0000000    0.50000
  4.0000000    2.0000000   -5.0000000    0.50000
 -5.0000000   -2.0000000   -4.0000000    0.50000
 -5.0000000   -1.0000000   -4.0000000    0.50000
 -5.0000000    0.0000000   -4.0000000    0.50000
 -5.0000000    1.0000000   -4.0000000    0.50000
 -5.0000000    2.0000000   -4.0000000    0.50000
 -4.0000000   -4.0000000   -4.0000000    0.50000
 -4.0000000   -3.0000000   -4.0000000    0.50000
 -4.0000000   -2.0000000   -4.0000000    0.50000
 -4.0000000   -1.0000000   -4.0000000    0.50000
 -4.0000000    0.0000000   -4.0000000    0.50000
 -4.0000000    1.0000000   -4.0000000    0.50000
 -4.0000000    2.0000000   -4.0000000    0.50000
 -4.0000000    3.0000000   -4.0000000    0.50000
 -4.0000000    4.0000000   -4.0000000    0.50000
 -3.0000000   -4.0000000   -4.0000000    0.50000
 -3.0000000   -3.0000000   -4.0000000    0.50000
 -3.0000000   -2.0000000   -4.0000000    0.50000
 -3.0000000   -1.0000000   -4.0000000    0.50000
 -3.0000000    0.0000000   -4.0000000    0.50000
 -3.0000000    1.0000000   -4.0000000    0.50000
 -3.0000000    2.0000000   -4.0000000    0.50000
 -3.0000000    3.0000000   -4.0000000    0.50000
 -3.0000000    4.0000000   -4.0000000    0.50000
 -2.0000000   -5.0000000   -4.0000000    0.50000
 -2.0000000   -4.0000000   -4.0000000    0.50000
 -2.0000000   -3.0000000   -4.0000000    0.50000
 -2.0000000   -2.0000000   -4.0000000    0.50000
 -2.0000000   -1.0000000   -4.0000000    0.50000
 -2.0000000    0.0000000   -4.0000000    0.50000
 -2.0000000    1.0000000   -4.0000000    0.50000
 -2.0000000    2.0000000   -4.0000000    0.50000
 -2.0000000    3.0000000   -4.0000000    0.50000
 -2.0000000    4.0000000   -4.0000000    0.50000
 -2.0000000    5.0000000   -4.0000000    0.50000
 -1.0000000   -5.0000000   -4.0000000    0.50000
 -1.0000000   -4.0000000   -4.0000000    0.50000
 -1.0000000   -3.0000000   -4.0000000    0.50000
 -1.0000000   -2.0000000   -4.0000000    0.50000
 -1.0000000   -1.0000000   -4.0000000    0.50000
 -1.0000000    0.0000000   -4.0000000    0.50000
 -1.0000000    1.0000000   -4.0000000    0.50000
 -1.0000000    2.0000000   -4.0000000    0.50000
 -1.0000000    3.0000000   -4.0000000    0.50000
 -1.0000000    4.0000000   -4.0000000    0.50000
 -1.0000000    5.0000000   -4.0000000    0.50000
  0.0000000   -5.0000000   -4.0000000    0.50000
  0.0000000   -4.0000000   -4.0000000    0.50000
  0.0000000   -3.0000000   -4.0000000    0.50000
  0.0000000   -2.0000000   -4.0000000    0.50000
  0.0000000   -1.0000000   -4.0000000    0.50000
  0.0000000    0.0000000   -4.0000000    0.50000
  0.0000000    1.0000000   -4.0000000    0.50000
  0.0000000    2.0000000   -4.0000000    0.50000
  0.0000000    3.0000000   -4.0000000    0.50000
  0.0000000    4.0000000   -4.0000000    0.50000
  0.0000000    5.0000000   -4.0000000    0.50000
  1.0000000   -5.0000000   -4.0000000    0.50000
  1.0000000   -4.0000000   -4.0000000    0.50000
  1.0000000   -3.0000000   -4.0000000    0.50000
  1.0000000   -2.0000000   -4.0000000    0.50000
  1.0000000   -1.0000000   -4.0000000    0.50000
  1.0000000    0.0000000   -4.0000000    0.50000
  1.0000000    1.0000000   -4.0000000    0.50000
  1.0000000    2.0000000   -4.0000000    0.50000
  1.0000000    3.0000000   -4.0000000    0.50000
  1.0000000    4.0000000   -4.0000000    0.50000
  1.0000000    5.0000000   -4.0000000    0.50000
  2.0000000   -5.0000000   -4.0000000    0.50000
  2.0000000   -4.0000000   -4.0000000    0.50000
  2.0000000   -3.0000000   -4.0000000    0.50000
  2.0000000   -2.0000000   -4.0000000    0.50000
  2.0000000   -1.0000000   -4.0000000    0.50000
  2.0000000    0.0000000   -4.0000000    0.50000
  2.0000000    1.0000000   -4.0000000    0.50000
  2.0000000    2.0000000   -4.0000000    0.50000
  2.0000000    3.0000000   -4.0000000    0.50000
  2.0000000    4.0000000   -4.0000000    0.50000
  2.0000000    5.0000000   -4.0000000    0.50000
  3.0000000   -4.0000000   -4.0000000    0.50000
  3.0000000   -3.0000000   -4.0000000    0.50000
  3.0000000   -2.0000000   -4.0000000    0.50000
  3.0000000   -1.0000000   -4.0000000    0.50000
  3.0000000    0.0000000   -4.0000000    0.50000
  3.0000000    1.0000000   -4.0000000    0.50000
  3.0000000    2.0000000   -4.0000000    0.50000
  3.0000000    3.0000000   -4.0000000    0.50000
  3.0000000    4.0000000   -4.0000000    0.50000
  4.0000000   -4.0000000   -4.0000000    0.50000
  4.0000000   -3.0000000   -4.0000000    0.50000
  4.0000000   -2.0000000   -4.0000000    0.50000
  4.0000000   -1.0000000   -4.0000000    0.50000
  4.0000000    0.0000000   -4.0000000    0.50000
  4.0000000    1.0000000   -4.0000000    0.50000
  4.0000000    2.0000000   -4.0000000    0.50000
  4.0000000    3.0000000   -4.0000000    0.50000
  4.0000000    4.0000000   -4.0000000    0.50000
  5.0000000   -2.0000000   -4.0000000    0.50000
  5.0000000   -1.0000000   -4.0000000    0.50000
  5.0000000    0.0000000   -4.0000000    0.50000
  5.0000000    1.0000000   -4.0000000    0.50000
  5.0000000    2.0000000   -4.0000000    0.50000
 -5.0000000   -3.0000000   -3.0000000    0.50000
 -5.0000000   -2.0000000   -3.0000000    0.50000
 -5.0000000   -1.0000000   -3.0000000    0.50000
 -5.0000000    0.0000000   -3.0000000    0.50000
 -5.0000000    1.0000000   -3.0000000    0.50000
 -5.0000000    2.0000000   -3.0000000    0.50000
 -5.0000000    3.0000000   -3.0000000    0.50000
 -4.0000000   -4.0000000   -3.0000000    0.50000
 -4.0000000   -3.0000000   -3.0000000    0.50000
 -4.0000000   -2.0000000   -3.0000000    0.50000
 -4.0000000   -1.0000000   -3.0000000    0.50000
 -4.0000000    0.0000000   -3.0000000    0.50000
 -4.0000000    1.0000000   -3.0000000    0.50000
 -4.0000000    2.0000000   -3.0000000    0.50000
 -4.0000000    3.0000000   -3.0000000    0.50000
 -4.0000000    4.0000000   -3.0000000    0.50000
 -3.0000000   -5.0000000   -3.0000000    0.50000
 -3.0000000   -4.0000000   -3.0000000    0.50000
 -3.0000000   -3.0000000   -3.0000000    0.50000
 -3.0000000   -2.0000000   -3.0000000    0.50000
 -3.0000000   -1.0000000   -3.0000000    0.50000
 -3.0000000    0.0000000   -3.0000000    0.50000
 -3.0000000    1.0000000   -3.0000000    0.50000
 -3.0000000    2.0000000   -3.0000000    0.50000
 -3.0000000    3.0000000   -3.0000000    0.50000
 -3.0000000    4.0000000   -3.0000000    0.50000
 -3.0000000    5.0000000   -3.0000000    0.50000
 -2.0000000   -5.0000000   -3.0000000    0.50000
 -2.0000000   -4.0000000   -3.0000000    0.50000
 -2.0000000   -3.0000000   -3.0000000    0.50000
 -2.0000000   -2.0000000   -3.0000000    0.50000
 -2.0000000   -1.0000000   -3.0000000    0.50000
 -2.0000000    0.0000000   -3.0000000    0.50000
 -2.0000000    1.0000000   -3.0000000    0.50000
 -2.0000000    2.0000000   -3.0000000    0.50000
 -2.0000000    3.0000000   -3.0000000    0.50000
 -2.0000000    4.0000000   -3.0000000    0.50000
 -2.0000000    5.0000000   -3.0000000    0.50000
 -1.0000000   -5.0000000   -3.0000000    0.50000
 -1.0000000   -4.0000000   -3.0000000    0.50000
 -1.0000000   -3.0000000   -3.0000000    0.50000
 -1.0000000   -2.0000000   -3.0000000    0.50000
 -1.0000000   -1.0000000   -3.0000000    0.50000
 -1.0000000    0.0000000   -3.0000000    0.50000
 -1.0000000    1.0000000   -3.0000000    0.50000
 -1.0000000    2.0000000   -3.0000000    0.50000
 -1.0000000    3.0000000   -3.0000000    0.50000
 -1.0000000    4.0000000   -3.0000000    0.50000
 -1.0000000    5.0000000   -3.0000000    0.50000
  0.0000000   -5.0000000   -3.0000000    0.50000
  0.0000000   -4.0000000   -3.0000000    0.50000
  0.0000000   -3.0000000   -3.0000000    0.50000
  0.0000000   -2.0000000   -3.0000000    0.50000
  0.0000000   -1.0000000   -3.0000000    0.50000
  0.0000000    0.0000000   -3.0000000    0.50000
  0.0000000    1.0000000   -3.0000000    0.50000
  0.0000000    2.0000000   -3.0000000    0.50000
  0.0000000    3.0000000   -3.0000000    0.50000
  0.0000000    4.0000000   -3.0000000    0.50000
  0.0000000    5.0000000   -3.0000000    0.50000
  1.0000000   -5.0000000   -3.0000000    0.50000
  1.0000000   -4.0000000   -3.0000000    0.50000
  1.0000000   -3.0000000   -3.0000000    0.50000
  1.0000000   -2.0000000   -3.0000000    0.50000
  1.0000000   -1.0000000   -3.0000000    0.50000
  1.0000000    0.0000000   -3.0000000    0.50000
  1.0000000    1.0000000   -3.0000000    0.50000
  1.0000000    2.0000000   -3.0000000    0.50000
  1.0000000    3.0000000   -3.0000000    0.50000
  1.0000000    4.0000000   -3.0000000    0.50000
  1.0000000    5.0000000   -3.0000000    0.50000
  2.0000000   -5.0000000   -3.0000000    0.50000
  2.0000000   -4.0000000   -3.0000000    0.50000
  2.0000000   -3.0000000   -3.0000000    0.50000
  2.0000000   -2.0000000   -3.0000000    0.50000
  2.0000000   -1.0000000   -3.0000000    0.50000
  2.0000000    0.0000000   -3.0000000    0.50000
  2.0000000    1.0000000   -3.0000000    0.50000
  2.0000000    2.0000000   -3.0000000    0.50000
  2.0000000    3.0000000   -3.0000000    0.50000
  2.0000000    4.0000000   -3.0000000    0.50000
  2.0000000    5.0000000   -3.0000000    0.50000
  3.0000000   -5.0000000   -3.0000000    0.50000
  3.0000000   -4.0000000   -3.0000000    0.50000
  3.0000000   -3.0000000   -3.0000000    0.50000
  3.0000000   -2.0000000   -3.0000000    0.50000
  3.0000000   -1.0000000   -3.0000000    0.50000
  3.0000000    0.0000000   -3.0000000    0.50000
  3.0000000    1.0000000   -3.0000000    0.50000
  3.0000000    2.0000000   -3.0000000    0.50000
  3.0000000    3.0000000   -3.0000000    0.50000
  3.0000000    4.0000000   -3.0000000    0.50000
  3.0000000    5.0000000   -3.0000000    0.50000
  4.0000000   -4.0000000   -3.0000000    0.50000
  4.0000000   -3.0000000   -3.0000000    0.50000
  4.0000000   -2.0000000   -3.0000000    0.50000
  4.0000000   -1.0000000   -3.0000000    0.50000
  4.0000000    0.0000000   -3.0000000    0.50000
  4.0000000    1.0000000   -3.0000000    0.50000
  4.0000000    2.0000000   -3.0000000    0.50000
  4.0000000    3.0000000   -3.0000000    0.50000
  4.0000000    4.0000000   -3.0000000    0.50000
  5.0000000   -3.0000000   -3.0000000    0.50000
  5.0000000   -2.0000000   -3.0000000    0.50000
  5.0000000   -1.0000000   -3.0000000    0.50000
  5.0000000    0.0000000   -3.0000000    0.50000
  5.0000000    1.0000000   -3.0000000    0.50000
  5.0000000    2.0000000   -3.0000000    0.50000
  5.0000000    3.0000000   -3.0000000    0.50000
 -5.0000000   -4.0000000   -2.0000000    0.50000
 -5.0000000   -3.0000000   -2.0000000    0.50000
 -5.0000000   -2.0000000   -2.0000000    0.50000
 -5.0000000   -1.0000000   -2.0000000    0.50000
 -5.0000000    0.0000000   -2.0000000    0.50000
 -5.0000000    1.0000000   -2.0000000    0.50000
 -5.0000000    2.0000000   -2.0000000    0.50000
 -5.0000000    3.0000000   -2.0000000    0.50000
 -5.0000000    4.0000000   -2.0000000    0.50000
 -4.0000000   -5.0000000   -2.0000000    0.50000
 -4.0000000   -4.0000000   -2.0000000    0.50000
 -4.0000000   -3.0000000   -2.0000000    0.50000
 -4.0000000   -2.0000000   -2.0000000    0.50000
 -4.0000000   -1.0000000   -2.0000000    0.50000
 -4.0000000    0.0000000   -2.0000000    0.50000
 -4.0000000    1.0000000   -2.0000000    0.50000
 -4.0000000    2.0000000   -2.0000000    0.50000
 -4.0000000    3.0000000   -2.0000000    0.50000
 -4.0000000    4.0000000   -2.0000000    0.50000
 -4.0000000    5.0000000   -2.0000000    0.50000
 -3.0000000   -5.0000000   -2.0000000    0.50000
 -3.0000000   -4.0000000   -2.0000000    0.50000
 -3.0000000   -3.0000000   -2.0000000    0.50000
 -3.0000000   -2.0000000   -2.0000000    0.50000
 -3.0000000   -1.0000000   -2.0000000    0.50000
 -3.0000000    0.0000000   -2.0000000    0.50000
 -3.0000000    1.0000000   -2.0000000    0.50000
 -3.0000000    2.0000000   -2.0000000    0.50000
 -3.0000000    3.0000000   -2.0000000    0.50000
 -3.0000000    4.0000000   -2.0000000    0.50000
 -3.0000000    5.0000000   -2.0000000    0.50000
 -2.0000000   -5.0000000   -2.0000000    0.50000
 -2.0000000   -4.0000000   -2.0000000    0.50000
 -2.0000000   -3.0000000   -2.0000000    0.50000
 -2.0000000   -2.0000000   -2.0000000    0.50000
 -2.0000000   -1.0000000   -2.0000000    0.50000
 -2.0000000    0.0000000   -2.0000000    0.50000
 -2.0000000    1.0000000   -2.0000000    0.50000
 -2.0000000    2.0000000   -2.0000000    0.50000
 -2.0000000    3.0000000   -2.0000000    0.50000
 -2.0000000    4.0000000   -2.0000000    0.50000
 -2.0000000    5.0000000   -2.0000000    0.50000
 -1.0000000   -5.0000000   -2.0000000    0.50000
 -1.0000000   -4.0000000   -2.0000000    0.50000
 -1.0000000   -3.0000000   -2.0000000    0.50000
 -1.0000000   -2.0000000   -2.0000000    0.50000
 -1.0000000   -1.0000000   -2.0000000    0.50000
 -1.0000000    0.0000000   -2.0000000    0.50000
 -1.0000000    1.0000000   -2.0000000    0.50000
 -1.0000000    2.0000000   -2.0000000    0.50000
 -1.0000000    3.0000000   -2.0000000    0.50000
 -1.0000000    4.0000000   -2.0000000    0.50000
 -1.0000000    5.0000000   -2.0000000    0.50000
  0.0000000   -5.0000000   -2.0000000    0.50000
  0.0000000   -4.0000000   -2.0000000    0.50000
  0.0000000   -3.0000000   -2.0000000    0.50000
  0.0000000   -2.0000000   -2.0000000    0.50000
  0.0000000   -1.0000000   -2.0000000    0.50000
  0.0000000    0.0000000   -2.0000000    0.50000
  0.0000000    1.0000000   -2.0000000    0.50000
  0.0000000    2.0000000   -2.0000000    0.50000
  0.0000000    3.0000000   -2.0000000    0.50000
  0.0000000    4.0000000   -2.0000000    0.50000
  0.0000000    5.0000000   -2.0000000    0.50000
  1.0000000   -5.0000000   -2.0000000    0.50000
  1.0000000   -4.0000000   -2.0000000    0.50000
  1.0000000   -3.0000000   -2.0000000    0.50000
  1.0000000   -2.0000000   -2.0000000    0.50000
  1.0000000   -1.0000000   -2.0000000    0.50000
  1.0000000    0.0000000   -2.0000000    0.50000
  1.0000000    1.0000000   -2.0000000    0.50000
  1.0000000    2.0000000   -2.0000000    0.50000
  1.0000000    3.0000000   -2.0000000    0.50000
  1.0000000    4.0000000   -2.0000000    0.50000
  1.0000000    5.0000000   -2.0000000    0.50000
  2.0000000   -5.0000000   -2.0000000    0.50000
  2.0000000   -4.0000000   -2.0000000    0.50000
  2.0000000   -3.0000000   -2.0000000    0.50000
  2.0000000   -2.0000000   -2.0000000    0.50000
  2.0000000   -1.0000000   -2.0000000    0.50000
  2.0000000    0.0000000   -2.0000000    0.50000
  2.0000000    1.0000000   -2.0000000    0.50000
  2.0000000    2.0000000   -2.0000000    0.50000
  2.0000000    3.0000000   -2.0000000    0.50000
  2.0000000    4.0000000   -2.0000000    0.50000
  2.0000000    5.0000000   -2.0000000    0.50000
  3.0000000   -5.0000000   -2.0000000    0.50000
  3.0000000   -4.0000000   -2.0000000    0.50000
  3.0000000   -3.0000000   -2.0000000    0.50000
  3.0000000   -2.0000000   -2.0000000    0.50000
  3.0000000   -1.0000000   -2.0000000    0.50000
  3.0000000    0.0000000   -2.0000000    0.50000
  3.0000000    1.0000000   -2.0000000    0.50000
  3.0000000    2.0000000   -2.0000000    0.50000
  3.0000000    3.0000000   -2.0000000    0.50000
  3.0000000    4.0000000   -2.0000000    0.50000
  3.0000000    5.0000000   -2.0000000    0.50000
  4.0000000   -5.0000000   -2.0000000    0.50000
  4.0000000   -4.0000000   -2.0000000    0.50000
  4.0000000   -3.0000000   -2.0000000    0.50000
  4.0000000   -2.0000000   -2.0000000    0.50000
  4.0000000   -1.0000000   -2.0000000    0.50000
  4.0000000    0.0000000   -2.0000000    0.50000
  4.0000000    1.0000000   -2.0000000    0.50000
  4.0000000    2.0000000   -2.0000000    0.50000
  4.0000000    3.0000000   -2.0000000    0.50000
  4.0000000    4.0000000   -2.0000000    0.50000
  4.0000000    5.0000000   -2.0000000    0.50000
  5.0000000   -4.0000000   -2.0000000    0.50000
  5.0000000   -3.0000000   -2.0000000    0.50000
  5.0000000   -2.0000000   -2.0000000    0.50000
  5.0000000   -1.0000000   -2.0000000    0.50000
  5.0000000    0.0000000   -2.0000000    0.50000
  5.0000000    1.0000000   -2.0000000    0.50000
  5.0000000    2.0000000   -2.0000000    0.50000
  5.0000000    3.0000000   -2.0000000    0.50000
  5.0000000    4.0000000   -2.0000000    0.50000
 -5.0000000   -4.0000000   -1.0000000    0.50000
 -5.0000000   -3.0000000   -1.0000000    0.50000
 -5.0000000   -2.0000000   -1.0000000    0.50000
 -5.0000000   -1.0000000   -1.0000000    0.50000
 -5.0000000    0.0000000   -1.0000000    0.50000
 -5.0000000    1.0000000   -1.0000000    0.50000
 -5.0000000    2.0000000   -1.0000000    0.50000
 -5.0000000    3.0000000   -1.0000000    0.50000
 -5.0000000    4.0000000   -1.0000000    0.50000
 -4.0000000   -5.0000000   -1.0000000    0.50000
 -4.0000000   -4.0000000   -1.0000000    0.50000
 -4.0000000   -3.0000000   -1.0000000    0.50000
 -4.0000000   -2.0000000   -1.0000000    0.50000
 -4.0000000   -1.0000000   -1.0000000    0.50000
 -4.0000000    0.0000000   -1.0000000    0.50000
 -4.0000000    1.0000000   -1.0000000    0.50000
 -4.0000000    2.0000000   -1.0000000    0.50000
 -4.0000000    3.0000000   -1.0000000    0.50000
 -4.0000000    4.0000000   -1.0000000    0.50000
 -4.0000000    5.0000000   -1.0000000    0.50000
 -3.0000000   -5.0000000   -1.0000000    0.50000
 -3.0000000   -4.0000000   -1.0000000    0.50000
 -3.0000000   -3.0000000   -1.0000000    0.50000
 -3.0000000   -2.0000000   -1.0000000    0.50000
 -3.0000000   -1.0000000   -1.0000000    0.50000
 -3.0000000    0.0000000   -1.0000000    0.50000
 -3.0000000    1.0000000   -1.0000000    0.50000
 -3.0000000    2.0000000   -1.0000000    0.50000
 -3.0000000    3.0000000   -1.0000000    0.50000
 -3.0000000    4.0000000   -1.0000000    0.50000
 -3.0000000    5.0000000   -1.0000000    0.50000
 -2.0000000   -5.0000000   -1.0000000    0.50000
 -2.0000000   -4.0000000   -1.0000000    0.50000
 -2.0000000   -3.0000000   -1.0000000    0.50000
 -2.0000000   -2.0000000   -1.0000000    0.50000
 -2.0000000   -1.0000000   -1.0000000    0.50000
 -2.0000000    0.0000000   -1.0000000    0.50000
 -2.0000000    1.0000000   -1.0000000    0.50000
 -2.0000000    2.0000000   -1.0000000    0.50000
 -2.0000000    3.0000000   -1.0000000    0.50000
 -2.0000000    4.0000000   -1.0000000    0.50000
 -2.0000000    5.0000000   -1.0000000    0.50000
 -1.0000000   -5.0000000   -1.0000000    0.50000
 -1.0000000   -4.0000000   -1.0000000    0.50000
 -1.0000000   -3.0000000   -1.0000000    0.50000
 -1.0000000   -2.0000000   -1.0000000    0.50000
 -1.0000000   -1.0000000   -1.0000000    0.50000
 -1.0000000    0.0000000   -1.0000000    0.50000
 -1.0000000    1.0000000   -1.0000000    0.50000
 -1.0000000    2.0000000   -1.0000000    0.50000
 -1.0000000    3.0000000   -1.0000000    0.50000
 -1.0000000    4.0000000   -1.0000000    0.50000
 -1.0000000    5.0000000   -1.0000000    0.50000
  0.0000000   -5.0000000   -1.0000000    0.50000
  0.0000000   -4.0000000   -1.0000000    0.50000
  0.0000000   -3.0000000   -1.0000000    0.50000
  0.0000000   -2.0000000   -1.0000000    0.50000
  0.0000000   -1.0000000   -1.0000000    0.50000
  0.0000000    0.0000000   -1.0000000    0.50000
  0.0000000    1.0000000   -1.0000000    0.50000
  0.0000000    2.0000000   -1.0000000    0.50000
  0.0000000    3.0000000   -1.0000000    0.50000
  0.0000000    4.0000000   -1.0000000    0.50000
  0.0000000    5.0000000   -1.0000000    0.50000
  1.0000000   -5.0000000   -1.0000000    0.50000
  1.0000000   -4.0000000   -1.0000000    0.50000
  1.0000000   -3.0000000   -1.0000000    0.50000
  1.0000000   -2.0000000   -1.0000000    0.50000
  1.0000000   -1.0000000   -1.0000000    0.50000
  1.0000000    0.0000000   -1.0000000    0.50000
  1.0000000    1.0000000   -1.0000000    0.50000
  1.0000000    2.0000000   -1.0000000    0.50000
  1.0000000    3.0000000   -1.0000000    0.50000
  1.0000000    4.0000000   -1.0000000    0.50000
  1.0000000    5.0000000   -1.0000000    0.50000
  2.0000000   -5.0000000   -1.0000000    0.50000
  2.0000000   -4.0000000   -1.0000000    0.50000
  2.0000000   -3.0000000   -1.0000000    0.50000
  2.0000000   -2.0000000   -1.0000000    0.50000
  2.0000000   -1.0000000   -1.0000000    0.50000
  2.0000000    0.0000000   -1.0000000    0.50000
  2.0000000    1.0000000   -1.0000000    0.50000
  2.0000000    2.0000000   -1.0000000    0.50000
  2.0000000    3.0000000   -1.0000000    0.50000
  2.0000000    4.0000000   -1.0000000    0.50000
  2.0000000    5.0000000   -1.0000000    0.50000
  3.0000000   -5.0000000   -1.0000000    0.50000
  3.0000000   -4.0000000   -1.0000000    0.50000
  3.0000000   -3.0000000   -1.0000000    0.50000
  3.0000000   -2.0000000   -1.0000000    0.50000
  3.0000000   -1.0000000   -1.0000000    0.50000
  3.0000000    0.0000000   -1.0000000    0.50000
  3.0000000    1.0000000   -1.0000000    0.50000
  3.0000000    2.0000000   -1.0000000    0.50000
  3.0000000    3.0000000   -1.0000000    0.50000
  3.0000000    4.0000000   -1.0000000    0.50000
  3.0000000    5.0000000   -1.0000000    0.50000
  4.0000000   -5.0000000   -1.0000000    0.50000
  4.0000000   -4.0000000   -1.0000000    0.50000
  4.0000000   -3.0000000   -1.0000000    0.50000
  4.0000000   -2.0000000   -1.0000000    0.50000
  4.0000000   -1.0000000   -1.0000000    0.50000
  4.0000000    0.0000000   -1.0000000    0.50000
  4.0000000    1.0000000   -1.0000000    0.50000
  4.0000000    2.0000000   -1.0000000    0.50000
  4.0000000    3.0000000   -1.0000000    0.50000
  4.0000000    4.0000000   -1.0000000    0.50000
  4.0000000    5.0000000   -1.0000000    0.50000
  5.0000000   -4.0000000   -1.0000000    0.50000
  5.0000000   -3.0000000   -1.0000000    0.50000
  5.0000000   -2.0000000   -1.0000000    0.50000
  5.0000000   -1.0000000   -1.0000000    0.50000
  5.0000000    0.0000000   -1.0000000    0.50000
  5.0000000    1.0000000   -1.0000000    0.50000
  5.0000000    2.0000000   -1.0000000    0.50000
  5.0000000    3.0000000   -1.0000000    0.50000
  5.0000000    4.0000000   -1.0000000    0.50000
 -5.0000000   -4.0000000    0.0000000    0.50000
 -5.0000000   -3.0000000    0.0000000    0.50000
 -5.0000000   -2.0000000    0.0000000    0.50000
 -5.0000000   -1.0000000    0.0000000    0.50000
 -5.0000000    0.0000000    0.0000000    0.50000
 -5.0000000    1.0000000    0.0000000    0.50000
 -5.0000000    2.0000000    0.0000000    0.50000
 -5.0000000    3.0000000    0.0000000    0.50000
 -5.0000000    4.0000000    0.0000000    0.50000
 -4.0000000   -5.0000000    0.0000000    0.50000
 -4.0000000   -4.0000000    0.0000000    0.50000
 -4.0000000   -3.0000000    0.0000000    0.50000
 -4.0000000   -2.0000000    0.0000000    0.50000
 -4.0000000   -1.0000000    0.0000000    0.50000
 -4.0000000    0.0000000    0.0000000    0.50000
 -4.0000000    1.0000000    0.0000000    0.50000
 -4.0000000    2.0000000    0.0000000    0.50000
 -4.0000000    3.0000000    0.0000000    0.50000
 -4.0000000    4.0000000    0.0000000    0.50000
 -4.0000000    5.0000000    0.0000000    0.50000
 -3.0000000   -5.0000000    0.0000000    0.50000
 -3.0000000   -4.0000000    0.0000000    0.50000
 -3.0000000   -3.0000000    0.0000000    0.50000
 -3.0000000   -2.0000000    0.0000000    0.50000
 -3.0000000   -1.0000000    0.0000000    0.50000
 -3.0000000    0.0000000    0.0000000    0.50000
 -3.0000000    1.0000000    0.0000000    0.50000
 -3.0000000    2.0000000    0.0000000    0.50000
 -3.0000000    3.0000000    0.0000000    0.50000
 -3.0000000    4.0000000    0.0000000    0.50000
 -3.0000000    5.0000000    0.0000000    0.50000
 -2.0000000   -5.0000000    0.0000000    0.50000
 -2.0000000   -4.0000000    0.0000000    0.50000
 -2.0000000   -3.0000000    0.0000000    0.50000
 -2.0000000   -2.0000000    0.0000000    0.50000
 -2.0000000   -1.0000000    0.0000000    0.50000
 -2.0000000    0.0000000    0.0000000    0.50000
 -2.0000000    1.0000000    0.0000000    0.50000
 -2.0000000    2.0000000    0.0000000    0.50000
 -2.0000000    3.0000000    0.0000000    0.50000
 -2.0000000    4.0000000    0.0000000    0.50000
 -2.0000000    5.0000000    0.0000000    0.50000
 -1.0000000   -5.0000000    0.0000000    0.50000
 -1.0000000   -4.0000000    0.0000000    0.50000
 -1.0000000   -3.0000000    0.0000000    0.50000
 -1.0000000   -2.0000000    0.0000000    0.50000
 -1.0000000   -1.0000000    0.0000000    0.50000
 -1.0000000    0.0000000    0.0000000    0.50000
 -1.0000000    1.0000000    0.0000000    0.50000
 -1.0000000    2.0000000    0.0000000    0.50000
 -1.0000000    3.0000000    0.0000000    0.50000
 -1.0000000    4.0000000    0.0000000    0.50000
 -1.0000000    5.0000000    0.0000000    0.50000
  0.0000000   -5.0000000    0.0000000    0.50000
  0.0000000   -4.0000000    0.0000000    0.50000
  0.0000000   -3.0000000    0.0000000    0.50000
  0.0000000   -2.0000000    0.0000000    0.50000
  0.0000000   -1.0000000    0.0000000    0.50000
  0.0000000    0.0000000    0.0000000    0.50000
  0.0000000    1.0000000    0.0000000    0.50000
  0.0000000    2.0000000    0.0000000    0.50000
  0.0000000    3.0000000    0.0000000    0.50000
  0.0000000    4.0000000    0.0000000    0.50000
  0.0000000    5.0000000    0.0000000    0.50000
  1.0000000   -5.0000000    0.0000000    0.50000
  1.0000000   -4.0000000    0.0000000    0.50000
  1.0000000   -3.0000000    0.0000000    0.50000
  1.0000000   -2.0000000    0.0000000    0.50000
  1.0000000   -1.0000000    0.0000000    0.50000
  1.0000000    0.0000000    0.0000000    0.50000
  1.0000000    1.0000000    0.0000000    0.50000
  1.0000000    2.0000000    0.0000000    0.50000
  1.0000000    3.0000000    0.0000000    0.50000
  1.0000000    4.0000000    0.0000000    0.50000
  1.0000000    5.0000000    0.0000000    0.50000
  2.0000000   -5.0000000    0.0000000    0.50000
  2.0000000   -4.0000000    0.0000000    0.50000
  2.0000000   -3.0000000    0.0000000    0.50000
  2.0000000   -2.0000000    0.0000000    0.50000
  2.0000000   -1.0000000    0.0000000    0.50000
  2.0000000    0.0000000    0.0000000    0.50000
  2.0000000    1.0000000    0.0000000    0.50000
  2.0000000    2.0000000    0.0000000    0.50000
  2.0000000    3.0000000    0.0000000    0.50000
  2.0000000    4.0000000    0.0000000    0.50000
  2.0000000    5.0000000    0.0000000    0.50000
  3.0000000   -5.0000000    0.0000000    0.50000
  3.0000000   -4.0000000    0.0000000    0.50000
  3.0000000   -3.0000000    0.0000000    0.50000
  3.0000000   -2.0000000    0.0000000    0.50000
  3.0000000   -1.0000000    0.0000000    0.50000
  3.0000000    0.0000000    0.0000000    0.50000
  3.0000000    1.0000000    0.0000000    0.50000
  3.0000000    2.0000000    0.0000000    0.50000
  3.0000000    3.0000000    0.0000000    0.50000
  3.0000000    4.0000000    0.0000000    0.50000
  3.0000000    5.0000000    0.0000000    0.50000
  4.0000000   -5.0000000    0.0000000    0.50000
  4.0000000   -4.0000000    0.0000000    0.50000
  4.0000000   -3.0000000    0.0000000    0.50000
  4.0000000   -2.0000000    0.0000000    0.50000
  4.0000000   -1.0000000    0.0000000    0.50000
  4.0000000    0.0000000    0.0000000    0.50000
  4.0000000    1.0000000    0.0000000    0.50000
  4.0000000    2.0000000    0.0000000    0.50000
  4.0000000    3.0000000    0.0000000    0.50000
  4.0000000    4.0000000    0.0000000    0.50000
  4.0000000    5.0000000    0.0000000    0.50000
  5.0000000   -4.0000000    0.0000000    0.50000
  5.0000000   -3.0000000    0.0000000    0.50000
  5.0000000   -2.0000000    0.0000000    0.50000
  5.0000000   -1.0000000    0.0000000    0.50000
  5.0000000    0.0000000    0.0000000    0.50000
  5.0000000    1.0000000    0.0000000    0.50000
  5.0000000    2.0000000    0.0000000    0.50000
  5.0000000    3.0000000    0.0000000    0.50000
  5.0000000    4.0000000    0.0000000    0.50000
 -5.0000000   -4.0000000    1.0000000    0.50000
 -5.0000000   -3.0000000    1.0000000    0.50000
 -5.0000000   -2.0000000    1.0000000    0.50000
 -5.0000000   -1.0000000    1.0000000    0.50000
 -5.0000000    0.0000000    1.0000000    0.50000
 -5.0000000    1.0000000    1.0000000    0.50000
 -5.0000000    2.0000000    1.0000000    0.50000
 -5.0000000    3.0000000    1.0000000    0.50000
 -5.0000000    4.0000000    1.0000000    0.50000
 -4.0000000   -5.0000000    1.0000000    0.50000
 -4.0000000   -4.0000000    1.0000000    0.50000
 -4.0000000   -3.0000000    1.0000000    0.50000
 -4.0000000   -2.0000000    1.0000000    0.50000
 -4.0000000   -1.0000000    1.0000000    0.50000
 -4.0000000    0.0000000    1.0000000    0.50000
 -4.0000000    1.0000000    1.0000000    0.50000
 -4.0000000    2.0000000    1.0000000    0.50000
 -4.0000000    3.0000000    1.0000000    0.50000
 -4.0000000    4.0000000    1.0000000    0.50000
 -4.0000000    5.0000000    1.0000000    0.50000
 -3.0000000   -5.0000000    1.0000000    0.50000
 -3.0000000   -4.0000000    1.0000000    0.50000
 -3.0000000   -3.0000000    1.0000000    0.50000
 -3.0000000   -2.0000000    1.0000000    0.50000
 -3.0000000   -1.0000000    1.0000000    0.50000
 -3.0000000    0.0000000    1.0000000    0.50000
 -3.0000000    1.0000000    1.0000000    0.50000
 -3.0000000    2.0000000    1.0000000    0.50000
 -3.0000000    3.0000000    1.0000000    0.50000
 -3.0000000    4.0000000    1.0000000    0.50000
 -3.0000000    5.0000000    1.0000000    0.50000
 -2.0000000   -5.0000000    1.0000000    0.50000
 -2.0000000   -4.0000000    1.0000000    0.50000
 -2.0000000   -3.0000000    1.0000000    0.50000
 -2.0000000   -2.0000000    1.0000000    0.50000
 -2.0000000   -1.0000000    1.0000000    0.50000
 -2.0000000    0.0000000    1.0000000    0.50000
 -2.0000000    1.0000000    1.0000000    0.50000
 -2.0000000    2.0000000    1.0000000    0.50000
 -2.0000000    3.0000000    1.0000000    0.50000
 -2.0000000    4.0000000    1.0000000    0.50000
 -2.0000000    5.0000000    1.0000000    0.50000
 -1.0000000   -5.0000000    1.0000000    0.50000
 -1.0000000   -4.0000000    1.0000000    0.50000
 -1.0000000   -3.0000000    1.0000000    0.50000
 -1.0000000   -2.0000000    1.0000000    0.50000
 -1.0000000   -1.0000000    1.0000000    0.50000
 -1.0000000    0.0000000    1.0000000    0.50000
 -1.0000000    1.0000000    1.0000000    0.50000
 -1.0000000    2.0000000    1.0000000    0.50000
 -1.0000000    3.0000000    1.0000000    0.50000
 -1.0000000    4.0000000    1.0000000    0.50000
 -1.0000000    5.0000000    1.0000000    0.50000
  0.0000000   -5.0000000    1.0000000    0.50000
  0.0000000   -4.0000000    1.0000000    0.50000
  0.0000000   -3.0000000    1.0000000    0.50000
  0.0000000   -2.0000000    1.0000000    0.50000
  0.0000000   -1.0000000    1.0000000    0.50000
  0.0000000    0.0000000    1.0000000    0.50000
  0.0000000    1.0000000    1.0000000    0.50000
  0.0000000    2.0000000    1.0000000    0.50000
  0.0000000    3.0000000    1.0000000    0.50000
  0.0000000    4.0000000    1.0000000    0.50000
  0.0000000    5.0000000    1.0000000    0.50000
  1.0000000   -5.0000000    1.0000000    0.50000
  1.0000000   -4.0000000    1.0000000    0.50000
  1.0000000   -3.0000000    1.0000000    0.50000
  1.0000000   -2.0000000    1.0000000    0.50000
  1.0000000   -1.0000000    1.0000000    0.50000
  1.0000000    0.0000000    1.0000000    0.50000
  1.0000000    1.0000000    1.0000000    0.50000
  1.0000000    2.0000000    1.0000000    0.50000
  1.0000000    3.0000000    1.0000000    0.50000
  1.0000000    4.0000000    1.0000000    0.50000
  1.0000000    5.0000000    1.0000000    0.50000
  2.0000000   -5.0000000    1.0000000    0.50000
  2.0000000   -4.0000000    1.0000000    0.50000
  2.0000000   -3.0000000    1.0000000    0.50000
  2.0000000   -2.0000000    1.0000000    0.50000
  2.0000000   -1.0000000    1.0000000    0.50000
  2.0000000    0.0000000    1.0000000    0.50000
  2.0000000    1.0000000    1.0000000    0.50000
  2.0000000    2.0000000    1.0000000    0.50000
  2.0000000    3.0000000    1.0000000    0.50000
  2.0000000    4.0000000    1.0000000    0.50000
  2.0000000    5.0000000    1.0000000    0.50000
  3.0000000   -5.0000000    1.0000000    0.50000
  3.0000000   -4.0000000    1.0000000    0.50000
  3.0000000   -3.0000000    1.0000000    0.50000
  3.0000000   -2.0000000    1.0000000    0.50000
  3.0000000   -1.0000000    1.0000000    0.50000
  3.0000000    0.0000000    1.0000000    0.50000
  3.0000000    1.0000000    1.0000000    0.50000
  3.0000000    2.0000000    1.0000000    0.50000
  3.0000000    3.0000000    1.0000000    0.50000
  3.0000000    4.0000000    1.0000000    0.50000
  3.0000000    5.0000000    1.0000000    0.50000
  4.0000000   -5.0000000    1.0000000    0.50000
  4.0000000   -4.0000000    1.0000000    0.50000
  4.0000000   -3.0000000    1.0000000    0.50000
  4.0000000   -2.0000000    1.0000000    0.50000
  4.0000000   -1.0000000    1.0000000    0.50000
  4.0000000    0.0000000    1.0000000    0.50000
  4.0000000    1.0000000    1.0000000    0.50000
  4.0000000    2.0000000    1.0000000    0.50000
  4.0000000    3.0000000    1.0000000    0.50000
  4.0000000    4.0000000    1.0000000    0.50000
  4.0000000    5.0000000    1.0000000    0.50000
  5.0000000   -4.0000000    1.0000000    0.50000
  5.0000000   -3.0000000    1.0000000    0.50000
  5.0000000   -2.0000000    1.0000000    0.50000
  5.0000000   -1.0000000    1.0000000    0.50000
  5.0000000    0.0000000    1.0000000    0.50000
  5.0000000    1.0000000    1.0000000    0.50000
  5.0000000    2.0000000    1.0000000    0.50000
  5.0000000    3.0000000    1.0000000    0.50000
  5.0000000    4.0000000    1.0000000    0.50000
 -5.0000000   -4.0000000    2.0000000    0.50000
 -5.0000000   -3.0000000    2.0000000    0.50000
 -5.0000000   -2.0000000    2.0000000    0.50000
 -5.0000000   -1.0000000    2.0000000    0.50000
 -5.0000000    0.0000000    2.0000000    0.50000
 -5.0000000    1.0000000    2.0000000    0.50000
 -5.0000000    2.0000000    2.0000000    0.50000
 -5.0000000    3.0000000    2.0000000    0.50000
 -5.0000000    4.0000000    2.0000000    0.50000
 -4.0000000   -5.0000000    2.0000000    0.50000
 -4.0000000   -4.0000000    2.0000000    0.50000
 -4.0000000   -3.0000000    2.0000000    0.50000
 -4.0000000   -2.0000000    2.0000000    0.50000
 -4.0000000   -1.0000000    2.0000000    0.50000
 -4.0000000    0.0000000    2.0000000    0.50000
 -4.0000000    1.0000000    2.0000000    0.50000
 -4.0000000    2.0000000    2.0000000    0.50000
 -4.0000000    3.0000000    2.0000000    0.50000
 -4.0000000    4.0000000    2.0000000    0.50000
 -4.0000000    5.0000000    2.0000000    0.50000
 -3.0000000   -5.0000000    2.0000000    0.50000
 -3.0000000   -4.0000000    2.0000000    0.50000
 -3.0000000   -3.0000000    2.0000000    0.50000
 -3.0000000   -2.0000000    2.0000000    0.50000
 -3.0000000   -1.0000000    2.0000000    0.50000
 -3.0000000    0.0000000    2.0000000    0.50000
 -3.0000000    1.0000000    2.0000000    0.50000
 -3.0000000    2.0000000    2.0000000    0.50000
 -3.0000000    3.0000000    2.0000000    0.50000
 -3.0000000    4.0000000    2.0000000    0.50000
 -3.0000000    5.0000000    2.0000000    0.50000
 -2.0000000   -5.0000000    2.0000000    0.50000
 -2.0000000   -4.0000000    2.0000000    0.50000
 -2.0000000   -3.0000000    2.0000000    0.50000
 -2.0000000   -2.0000000    2.0000000    0.50000
 -2.0000000   -1.0000000    2.0000000    0.50000
 -2.0000000    0.0000000    2.0000000    0.50000
 -2.0000000    1.0000000    2.0000000    0.50000
 -2.0000000    2.0000000    2.0000000    0.50000
 -2.0000000    3.0000000    2.0000000    0.50000
 -2.0000000    4.0000000    2.0000000    0.50000
 -2.0000000    5.0000000    2.0000000    0.50000
 -1.0000000   -5.0000000    2.0000000    0.50000
 -1.0000000   -4.0000000    2.0000000    0.50000
 -1.0000000   -3.0000000    2.0000000    0.50000
 -1.0000000   -2.0000000    2.0000000    0.50000
 -1.0000000   -1.0000000    2.0000000    0.50000
 -1.0000000    0.0000000    2.0000000    0.50000
 -1.0000000    1.0000000    2.0000000    0.50000
 -1.0000000    2.0000000    2.0000000    0.50000
 -1.0000000    3.0000000    2.0000000    0.50000
 -1.0000000    4.0000000    2.0000000    0.50000
 -1.0000000    5.0000000    2.0000000    0.50000
  0.0000000   -5.0000000    2.0000000    0.50000
  0.0000000   -4.0000000    2.0000000    0.50000
  0.0000000   -3.0000000    2.0000000    0.50000
  0.0000000   -2.0000000    2.0000000    0.50000
  0.0000000   -1.0000000    2.0000000    0.50000
  0.0000000    0.0000000    2.0000000    0.50000
  0.0000000    1.0000000    2.0000000    0.50000
  0.0000000    2.0000000    2.0000000    0.50000
  0.0000000    3.0000000    2.0000000    0.50000
  0.0000000    4.0000000    2.0000000    0.50000
  0.0000000    5.0000000    2.0000000    0.50000
  1.0000000   -5.0000000    2.0000000    0.50000
  1.0000000   -4.0000000    2.0000000    0.50000
  1.0000000   -3.0000000    2.0000000    0.50000
  1.0000000   -2.0000000    2.0000000    0.50000
  1.0000000   -1.0000000    2.0000000    0.50000
  1.0000000    0.0000000    2.0000000    0.50000
  1.0000000    1.0000000    2.0000000    0.50000
  1.0000000    2.0000000    2.0000000    0.50000
  1.0000000    3.0000000    2.0000000    0.50000
  1.0000000    4.0000000    2.0000000    0.50000
  1.0000000    5.0000000    2.0000000    0.50000
  2.0000000   -5.0000000    2.0000000    0.50000
  2.0000000   -4.0000000    2.0000000    0.50000
  2.0000000   -3.0000000    2.0000000    0.50000
  2.0000000   -2.0000000    2.0000000    0.50000
  2.0000000   -1.0000000    2.0000000    0.50000
  2.0000000    0.0000000    2.0000000    0.50000
  2.0000000    1.0000000    2.0000000    0.50000
  2.0000000    2.0000000    2.0000000    0.50000
  2.0000000    3.0000000    2.0000000    0.50000
  2.0000000    4.0000000    2.0000000    0.50000
  2.0000000    5.0000000    2.0000000    0.50000
  3.0000000   -5.0000000    2.0000000    0.50000
  3.0000000   -4.0000000    2.0000000    0.50000
  3.0000000   -3.0000000    2.0000000    0.50000
  3.0000000   -2.0000000    2.0000000    0.50000
  3.0000000   -1.0000000    2.0000000    0.50000
  3.0000000    0.0000000    2.0000000    0.50000
  3.0000000    1.0000000    2.0000000    0.50000
  3.0000000    2.0000000    2.0000000    0.50000
  3.0000000    3.0000000    2.0000000    0.50000
  3.0000000    4.0000000    2.0000000    0.50000
  3.0000000    5.0000000    2.0000000    0.50000
  4.0000000   -5.0000000    2.0000000    0.50000
  4.0000000   -4.0000000    2.0000000    0.50000
  4.0000000   -3.0000000    2.0000000    0.50000
  4.0000000   -2.0000000    2.0000000    0.50000
  4.0000000   -1.0000000    2.0000000    0.50000
  4.0000000    0.0000000    2.0000000    0.50000
  4.0000000    1.0000000    2.0000000    0.50000
  4.0000000    2.0000000    2.0000000    0.50000
  4.0000000    3.0000000    2.0000000    0.50000
  4.0000000    4.0000000    2.0000000    0.50000
  4.0000000    5.0000000    2.0000000    0.50000
  5.0000000   -4.0000000    2.0000000    0.50000
  5.0000000   -3.0000000    2.0000000    0.50000
  5.0000000   -2.0000000    2.0000000    0.50000
  5.0000000   -1.0000000    2.0000000    0.50000
  5.0000000    0.0000000    2.0000000    0.50000
  5.0000000    1.0000000    2.0000000    0.50000
  5.0000000    2.0000000    2.0000000    0.50000
  5.0000000    3.0000000    2.0000000    0.50000
  5.0000000    4.0000000    2.0000000    0.50000
 -5.0000000   -3.0000000    3.0000000    0.50000
 -5.0000000   -2.0000000    3.0000000    0.50000
 -5.0000000   -1.0000000    3.0000000    0.50000
 -5.0000000    0.0000000    3.0000000    0.50000
 -5.0000000    1.0000000    3.0000000    0.50000
 -5.0000000    2.0000000    3.0000000    0.50000
 -5.0000000    3.0000000    3.0000000    0.50000
 -4.0000000   -4.0000000    3.0000000    0.50000
 -4.0000000   -3.0000000    3.0000000    0.50000
 -4.0000000   -2.0000000    3.0000000    0.50000
 -4.0000000   -1.0000000    3.0000000    0.50000
 -4.0000000    0.0000000    3.0000000    0.50000
 -4.0000000    1.0000000    3.0000000    0.50000
 -4.0000000    2.0000000    3.0000000    0.50000
 -4.0000000    3.0000000    3.0000000    0.50000
 -4.0000000    4.0000000    3.0000000    0.50000
 -3.0000000   -5.0000000    3.0000000    0.50000
 -3.0000000   -4.0000000    3.0000000    0.50000
 -3.0000000   -3.0000000    3.0000000    0.50000
 -3.0000000   -2.0000000    3.0000000    0.50000
 -3.0000000   -1.0000000    3.0000000    0.50000
 -3.0000000    0.0000000    3.0000000    0.50000
 -3.0000000    1.0000000    3.0000000    0.50000
 -3.0000000    2.0000000    3.0000000    0.50000
 -3.0000000    3.0000000    3.0000000    0.50000
 -3.0000000    4.0000000    3.0000000    0.50000
 -3.0000000    5.0000000    3.0000000    0.50000
 -2.0000000   -5.0000000    3.0000000    0.50000
 -2.0000000   -4.0000000    3.0000000    0.50000
 -2.0000000   -3.0000000    3.0000000    0.50000
 -2.0000000   -2.0000000    3.0000000    0.50000
 -2.0000000   -1.0000000    3.0000000    0.50000
 -2.0000000    0.0000000    3.0000000    0.50000
 -2.0000000    1.0000000    3.0000000    0.50000
 -2.0000000    2.0000000    3.0000000    0.50000
 -2.0000000    3.0000000    3.0000000    0.50000
 -2.0000000    4.0000000    3.0000000    0.50000
 -2.0000000    5.0000000    3.0000000    0.50000
 -1.0000000   -5.0000000    3.0000000    0.50000
 -1.0000000   -4.0000000    3.0000000    0.50000
 -1.0000000   -3.0000000    3.0000000    0.50000
 -1.0000000   -2.0000000    3.0000000    0.50000
 -1.0000000   -1.0000000    3.0000000    0.50000
 -1.0000000    0.0000000    3.0000000    0.50000
 -1.0000000    1.0000000    3.0000000    0.50000
 -1.0000000    2.0000000    3.0000000    0.50000
 -1.0000000    3.0000000    3.0000000    0.50000
 -1.0000000    4.0000000    3.0000000    0.50000
 -1.0000000    5.0000000    3.0000000    0.50000
  0.0000000   -5.0000000    3.0000000    0.50000
  0.0000000   -4.0000000    3.0000000    0.50000
  0.0000000   -3.0000000    3.0000000    0.50000
  0.0000000   -2.0000000    3.0000000    0.50000
  0.0000000   -1.0000000    3.0000000    0.50000
  0.0000000    0.0000000    3.0000000    0.50000
  0.0000000    1.0000000    3.0000000    0.50000
  0.0000000    2.0000000    3.0000000    0.50000
  0.0000000    3.0000000    3.0000000    0.50000
  0.0000000    4.0000000    3.0000000    0.50000
  0.0000000    5.0000000    3.0000000    0.50000
  1.0000000   -5.0000000    3.0000000    0.50000
  1.0000000   -4.0000000    3.0000000    0.50000
  1.0000000   -3.0000000    3.0000000    0.50000
  1.0000000   -2.0000000    3.0000000    0.50000
  1.0000000   -1.0000000    3.0000000    0.50000
  1.0000000    0.0000000    3.0000000    0.50000
  1.0000000    1.0000000    3.0000000    0.50000
  1.0000000    2.0000000    3.0000000    0.50000
  1.0000000    3.0000000    3.0000000    0.50000
  1.0000000    4.0000000    3.0000000    0.50000
  1.0000000    5.0000000    3.0000000    0.50000
  2.0000000   -5.0000000    3.0000000    0.50000
  2.0000000   -4.0000000    3.0000000    0.50000
  2.0000000   -3.0000000    3.0000000    0.50000
  2.0000000   -2.0000000    3.0000000    0.50000
  2.0000000   -1.0000000    3.0000000    0.50000
  2.0000000    0.0000000    3.0000000    0.50000
  2.0000000    1.0000000    3.0000000    0.50000
  2.0000000    2.0000000    3.0000000    0.50000
  2.0000000    3.0000000    3.0000000    0.50000
  2.0000000    4.0000000    3.0000000    0.50000
  2.0000000    5.0000000    3.0000000    0.50000
  3.0000000   -5.0000000    3.0000000    0.50000
  3.0000000   -4.0000000    3.0000000    0.50000
  3.0000000   -3.0000000    3.0000000    0.50000
  3.0000000   -2.0000000    3.0000000    0.50000
  3.0000000   -1.0000000    3.0000000    0.50000
  3.0000000    0.0000000    3.0000000    0.50000
  3.0000000    1.0000000    3.0000000    0.50000
  3.0000000    2.0000000    3.0000000    0.50000
  3.0000000    3.0000000    3.0000000    0.50000
  3.0000000    4.0000000    3.0000000    0.50000
  3.0000000    5.0000000    3.0000000    0.50000
  4.0000000   -4.0000000    3.0000000    0.50000
  4.0000000   -3.0000000    3.0000000    0.50000
  4.0000000   -2.0000000    3.0000000    0.50000
  4.0000000   -1.0000000    3.0000000    0.50000
  4.0000000    0.0000000    3.0000000    0.50000
  4.0000000    1.0000000    3.0000000    0.50000
  4.0000000    2.0000000    3.0000000    0.50000
  4.0000000    3.0000000    3.0000000    0.50000
  4.0000000    4.0000000    3.0000000    0.50000
  5.0000000   -3.0000000    3.0000000    0.50000
  5.0000000   -2.0000000    3.0000000    0.50000
  5.0000000   -1.0000000    3.0000000    0.50000
  5.0000000    0.0000000    3.0000000    0.50000
  5.0000000    1.0000000    3.0000000    0.50000
  5.0000000    2.0000000    3.0000000    0.50000
  5.0000000    3.0000000    3.0000000    0.50000
 -5.0000000   -2.0000000    4.0000000    0.50000
 -5.0000000   -1.0000000    4.0000000    0.50000
 -5.0000000    0.0000000    4.0000000    0.50000
 -5.0000000    1.0000000    4.0000000    0.50000
 -5.0000000    2.0000000    4.0000000    0.50000
 -4.0000000   -4.0000000    4.0000000    0.50000
 -4.0000000   -3.0000000    4.0000000    0.50000
 -4.0000000   -2.0000000    4.0000000    0.50000
 -4.0000000   -1.0000000    4.0000000    0.50000
 -4.0000000    0.0000000    4.0000000    0.50000
 -4.0000000    1.0000000    4.0000000    0.50000
 -4.0000000    2.0000000    4.0000000    0.50000
 -4.0000000    3.0000000    4.0000000    0.50000
 -4.0000000    4.0000000    4.0000000    0.50000
 -3.0000000   -4.0000000    4.0000000    0.50000
 -3.0000000   -3.0000000    4.0000000    0.50000
 -3.0000000   -2.0000000    4.0000000    0.50000
 -3.0000000   -1.0000000    4.0000000    0.50000
 -3.0000000    0.0000000    4.0000000    0.50000
 -3.0000000    1.0000000    4.0000000    0.50000
 -3.0000000    2.0000000    4.0000000    0.50000
 -3.0000000    3.0000000    4.0000000    0.50000
 -3.0000000    4.0000000    4.0000000    0.50000
 -2.0000000   -5.0000000    4.0000000    0.50000
 -2.0000000   -4.0000000    4.0000000    0.50000
 -2.0000000   -3.0000000    4.0000000    0.50000
 -2.0000000   -2.0000000    4.0000000    0.50000
 -2.0000000   -1.0000000    4.0000000    0.50000
 -2.0000000    0.0000000    4.0000000    0.50000
 -2.0000000    1.0000000    4.0000000    0.50000
 -2.0000000    2.0000000    4.0000000    0.50000
 -2.0000000    3.0000000    4.0000000    0.50000
 -2.0000000    4.0000000    4.0000000    0.50000
 -2.0000000    5.0000000    4.0000000    0.50000
 -1.0000000   -5.0000000    4.0000000    0.50000
 -1.0000000   -4.0000000    4.0000000    0.50000
 -1.0000000   -3.0000000    4.0000000    0.50000
 -1.0000000   -2.0000000    4.0000000    0.50000
 -1.0000000   -1.0000000    4.0000000    0.50000
 -1.0000000    0.0000000    4.0000000    0.50000
 -1.0000000    1.0000000    4.0000000    0.50000
 -1.0000000    2.0000000    4.0000000    0.50000
 -1.0000000    3.0000000    4.0000000    0.50000
 -1.0000000    4.0000000    4.0000000    0.50000
 -1.0000000    5.0000000    4.0000000    0.50000
  0.0000000   -5.0000000    4.0000000    0.50000
  0.0000000   -4.0000000    4.0000000    0.50000
  0.0000000   -3.0000000    4.0000000    0.50000
  0.0000000   -2.0000000    4.0000000    0.50000
  0.0000000   -1.0000000    4.0000000    0.50000
  0.0000000    0.0000000    4.0000000    0.50000
  0.0000000    1.0000000    4.0000000    0.50000
  0.0000000    2.0000000    4.0000000    0.50000
  0.0000000    3.0000000    4.0000000    0.50000
  0.0000000    4.0000000    4.0000000    0.50000
  0.0000000    5.0000000    4.0000000    0.50000
  1.0000000   -5.0000000    4.0000000    0.50000
  1.0000000   -4.0000000    4.0000000    0.50000
  1.0000000   -3.0000000    4.0000000    0.50000
  1.0000000   -2.0000000    4.0000000    0.50000
  1.0000000   -1.0000000    4.0000000    0.50000
  1.0000000    0.0000000    4.0000000    0.50000
  1.0000000    1.0000000    4.0000000    0.50000
  1.0000000    2.0000000    4.0000000    0.50000
  1.0000000    3.0000000    4.0000000    0.50000
  1.0000000    4.0000000    4.0000000    0.50000
  1.0000000    5.0000000    4.0000000    0.50000
  2.0000000   -5.0000000    4.0000000    0.50000
  2.0000000   -4.0000000    4.0000000    0.50000
  2.0000000   -3.0000000    4.0000000    0.50000
  2.0000000   -2.0000000    4.0000000    0.50000
  2.0000000   -1.0000000    4.0000000    0.50000
  2.0000000    0.0000000    4.0000000    0.50000
  2.0000000    1.0000000    4.0000000    0.50000
  2.0000000    2.0000000    4.0000000    0.50000
  2.0000000    3.0000000    4.0000000    0.50000
  2.0000000    4.0000000    4.0000000    0.50000
  2.0000000    5.0000000    4.0000000    0.50000
  3.0000000   -4.0000000    4.0000000    0.50000
  3.0000000   -3.0000000    4.0000000    0.50000
  3.0000000   -2.0000000    4.0000000    0.50000
  3.0000000   -1.0000000    4.0000000    0.50000
  3.0000000    0.0000000    4.0000000    0.50000
  3.0000000    1.0000000    4.0000000    0.50000
  3.0000000    2.0000000    4.0000000    0.50000
  3.0000000    3.0000000    4.0000000    0.50000
  3.0000000    4.0000000    4.0000000    0.50000
  4.0000000   -4.0000000    4.0000000    0.50000
  4.0000000   -3.0000000    4.0000000    0.50000
  4.0000000   -2.0000000    4.0000000    0.50000
  4.0000000   -1.0000000    4.0000000    0.50000
  4.0000000    0.0000000    4.0000000    0.50000
  4.0000000    1.0000000    4.0000000    0.50000
  4.0000000    2.0000000    4.0000000    0.50000
  4.0000000    3.0000000    4.0000000    0.50000
  4.0000000    4.0000000    4.0000000    0.50000
  5.0000000   -2.0000000    4.0000000    0.50000
  5.0000000   -1.0000000    4.0000000    0.50000
  5.0000000    0.0000000    4.0000000    0.50000
  5.0000000    1.0000000    4.0000000    0.50000
  5.0000000    2.0000000    4.0000000    0.50000
 -4.0000000   -2.0000000    5.0000000    0.50000
 -4.0000000   -1.0000000    5.0000000    0.50000
 -4.0000000    0.0000000    5.0000000    0.50000
 -4.0000000    1.0000000    5.0000000    0.50000
 -4.0000000    2.0000000    5.0000000    0.50000
 -3.0000000   -3.0000000    5.0000000    0.50000
 -3.0000000   -2.0000000    5.0000000    0.50000
 -3.0000000   -1.0000000    5.0000000    0.50000
 -3.0000000    0.0000000    5.0000000    0.50000
 -3.0000000    1.0000000    5.0000000    0.50000
 -3.0000000    2.0000000    5.0000000    0.50000
 -3.0000000    3.0000000    5.0000000    0.50000
 -2.0000000   -4.0000000    5.0000000    0.50000
 -2.0000000   -3.0000000    5.0000000    0.50000
 -2.0000000   -2.0000000    5.0000000    0.50000
 -2.0000000   -1.0000000    5.0000000    0.50000
 -2.0000000    0.0000000    5.0000000    0.50000
 -2.0000000    1.0000000    5.0000000    0.50000
 -2.0000000    2.0000000    5.0000000    0.50000
 -2.0000000    3.0000000    5.0000000    0.50000
 -2.0000000    4.0000000    5.0000000    0.50000
 -1.0000000   -4.0000000    5.0000000    0.50000
 -1.0000000   -3.0000000    5.0000000    0.50000
 -1.0000000   -2.0000000    5.0000000    0.50000
 -1.0000000   -1.0000000    5.0000000    0.50000
 -1.0000000    0.0000000    5.0000000    0.50000
 -1.0000000    1.0000000    5.0000000    0.50000
 -1.0000000    2.0000000    5.0000000    0.50000
 -1.0000000    3.0000000    5.0000000    0.50000
 -1.0000000    4.0000000    5.0000000    0.50000
  0.0000000   -4.0000000    5.0000000    0.50000
  0.0000000   -3.0000000    5.0000000    0.50000
  0.0000000   -2.0000000    5.0000000    0.50000
  0.0000000   -1.0000000    5.0000000    0.50000
  0.0000000    0.0000000    5.0000000    0.50000
  0.0000000    1.0000000    5.0000000    0.50000
  0.0000000    2.0000000    5.0000000    0.50000
  0.0000000    3.0000000    5.0000000    0.50000
  0.0000000    4.0000000    5.0000000    0.50000
  1.0000000   -4.0000000    5.0000000    0.50000
  1.0000000   -3.0000000    5.0000000    0.50000
  1.0000000   -2.0000000    5.0000000    0.50000
  1.0000000   -1.0000000    5.0000000    0.50000
  1.0000000    0.0000000    5.0000000    0.50000
  1.0000000    1.0000000    5.0000000    0.50000
  1.0000000    2.0000000    5.0000000    0.50000
  1.0000000    3.0000000    5.0000000    0.50000
  1.0000000    4.0000000    5.0000000    0.50000
  2.0000000   -4.0000000    5.0000000    0.50000
  2.0000000   -3.0000000    5.0000000    0.50000
  2.0000000   -2.0000000    5.0000000    0.50000
  2.0000000   -1.0000000    5.0000000    0.50000
  2.0000000    0.0000000    5.0000000    0.50000
  2.0000000    1.0000000    5.0000000    0.50000
  2.0000000    2.0000000    5.0000000    0.50000
  2.0000000    3.0000000    5.0000000    0.50000
  2.0000000    4.0000000    5.0000000    0.50000
  3.0000000   -3.0000000    5.0000000    0.50000
  3.0000000   -2.0000000    5.0000000    0.50000
  3.0000000   -1.0000000    5.0000000    0.50000
  3.0000000    0.0000000    5.0000000    0.50000
  3.0000000    1.0000000    5.0000000    0.50000
  3.0000000    2.0000000    5.0000000    0.50000
  3.0000000    3.0000000    5.0000000    0.50000
  4.0000000   -2.0000000    5.0000000    0.50000
  4.0000000   -1.0000000    5.0000000    0.50000
  4.0000000    0.0000000    5.0000000    0.50000
  4.0000000    1.0000000    5.0000000    0.50000
  4.0000000    2.0000000    5.0000000    0.50000
