# DATE: 2021-05-19 UNITS: lj Created by pair_write
# Pair potential lj/smooth for atom types 1 1: i,r,energy,force

LJ
N 1000 R 1 3.1

1 1 0.00882588516352001 24
2 1.0021021021021 -0.0406284190560941 23.0575909029128
3 1.0042042042042 -0.0881350636333248 22.1467631254919
4 1.00630630630631 -0.133759327083529 21.2664679613085
5 1.00840840840841 -0.177564321368045 20.4156925779012
6 1.01051051051051 -0.219611065950607 19.5934587363792
7 1.01261261261261 -0.2599585592129 18.7988215589006
8 1.01471471471471 -0.298663847327907 18.0308683421472
9 1.01681681681682 -0.335782090685804 17.2887174149995
10 1.01891891891892 -0.371366627963522 16.5715170386847
11 1.02102102102102 -0.405469037925471 15.8784443477418
12 1.02312312312312 -0.438139199039607 15.208704330218
13 1.02522522522523 -0.469425346989631 14.5615288455718
14 1.02732732732733 -0.499374130161079 13.936175678823
15 1.02942942942943 -0.528030663175998 13.3319276295475
16 1.03153153153153 -0.555438578548045 12.7480916343715
17 1.03363363363363 -0.581640076527053 12.1839979216751
18 1.03573573573574 -0.606675973199448 11.6389991972669
19 1.03783783783784 -0.630585746908391 11.1124698598403
20 1.03993993993994 -0.653407583055032 10.6038052450706
21 1.04204204204204 -0.675178417339901 10.1124208972591
22 1.04414414414414 -0.695933977501274 9.63775186747071
23 1.04624624624625 -0.715708823605077 9.17925203715802
24 1.04834834834835 -0.734536386938953 8.73639346630095
25 1.05045045045045 -0.752449007560964 8.30866576513296
26 1.05255255255255 -0.769477970551642 7.89557548855889
27 1.05465465465465 -0.785653541016095 7.49664555240814
28 1.05675675675676 -0.801004997881282 7.11141467069716
29 1.05885885885886 -0.815560666531717 6.7394368131112
30 1.06096096096096 -0.829347950325343 6.38028068194397
31 1.06306306306306 -0.842393361029675 6.03352920776571
32 1.06516516516517 -0.854722548216864 5.69877906311694
33 1.06726726726727 -0.866360327654844 5.37564019355458
34 1.06936936936937 -0.877330708730362 5.06373536540179
35 1.07147147147147 -0.887656920938331 4.76269972958014
36 1.07357357357357 -0.897361439470706 4.47218040092441
37 1.07567567567568 -0.906466009936791 4.1918360524064
38 1.07777777777778 -0.914991672245756 3.92133652371426
39 1.07987987987988 -0.922958783680968 3.66036244365646
40 1.08198198198198 -0.930387041194648 3.40860486588008
41 1.08408408408408 -0.937295502950349 3.16576491741181
42 1.08618618618619 -0.943702609139681 2.93155345955032
43 1.08828828828829 -0.949626202098786 2.7056907606558
44 1.09039039039039 -0.955083545749101 2.48790618040078
45 1.09249249249249 -0.960091344386067 2.277937865062
46 1.09459459459459 -0.964665760838551 2.07553245345021
47 1.0966966966967 -0.96882243402095 1.8804447930897
48 1.0987987987988 -0.97257649589912 1.69243766627414
49 1.1009009009009 -0.975942587890504 1.51128152563971
50 1.103003003003 -0.978934876718114 1.33675423890994
51 1.10510510510511 -0.981567069737287 1.16864084248012
52 1.10720720720721 -0.983852429753459 1.00673330352139
53 1.10930930930931 -0.985803789348539 0.850830290296877
54 1.11141141141141 -0.987433564732843 0.700736950393822
55 1.11351351351351 -0.988753769138908 0.556264696586829
56 1.11561561561562 -0.989776025772958 0.417231000058021
57 1.11771771771772 -0.990511580339193 0.283459190710322
58 1.11981981981982 -0.99097131315155 0.154778264319805
59 1.12192192192192 -0.991165750847048 0.0310226962824844
60 1.12402402402402 -0.991105077714342 -0.0879677382794368
61 1.12612612612613 -0.990799146650598 -0.202348138278841
62 1.12822822822823 -0.990257489759363 -0.312268644510349
63 1.13033033033033 -0.989489328601634 -0.417874601792513
64 1.13243243243243 -0.988503584111908 -0.51930671560784
65 1.13453453453453 -0.987308886190567 -0.616701203435156
66 1.13663663663664 -0.985913582983563 -0.710189940962184
67 1.13873873873874 -0.984325749859972 -0.799900603358753
68 1.14084084084084 -0.982553198097613 -0.885956801784684
69 1.14294294294294 -0.980603483286578 -0.968478215299875
70 1.14504504504505 -0.978483913460161 -1.0475807183381
71 1.14714714714715 -0.976201556962356 -1.12337650389993
72 1.14924924924925 -0.973763250060749 -1.19597420261467
73 1.15135135135135 -0.971175604313354 -1.26547899781558
74 1.15345345345345 -0.968445013697612 -1.33199273676745
75 1.15555555555556 -0.965577661509506 -1.39561403818067
76 1.15765765765766 -0.962579527040459 -1.45643839614077
77 1.15975975975976 -0.959456392039422 -1.51455828057791
78 1.16186186186186 -0.956213846967294 -1.5700632343964
79 1.16396396396396 -0.952857297050573 -1.62303996737965
80 1.16606606606607 -0.949391968140908 -1.67357244698213
81 1.16816816816817 -0.945822912386962 -1.72174198611572
82 1.17027027027027 -0.942155013724821 -1.76762732803388
83 1.17237237237237 -0.938392993192919 -1.81130472841365
84 1.17447447447447 -0.934541414077286 -1.85284803473158
85 1.17657657657658 -0.930604686892701 -1.89232876302643
86 1.17867867867868 -0.926587074205145 -1.92981617213809
87 1.18078078078078 -0.922492695300782 -1.96537733550906
88 1.18288288288288 -0.918325530706483 -1.99907721063165
89 1.18498498498498 -0.914089426566785 -2.0309787062211
90 1.18708708708709 -0.909788098881947 -2.0611427471921
91 1.18918918918919 -0.90542513761168 -2.08962833751333
92 1.19129129129129 -0.901004010648909 -2.11649262101192
93 1.19339339339339 -0.896528067667808 -2.14179094019749
94 1.1954954954955 -0.892000543850215 -2.16557689317252
95 1.1975975975976 -0.887424563494357 -2.18790238869393
96 1.1996996996997 -0.882803143509729 -2.20881769944806
97 1.2018018018018 -0.878139196801801 -2.22837151359932
98 1.2039039039039 -0.873435535550131 -2.24661098467049
99 1.20600600600601 -0.86869487438333 -2.26358177981085
100 1.20810810810811 -0.863919833454207 -2.27932812650596
101 1.21021021021021 -0.859112941418321 -2.29389285778156
102 1.21231231231231 -0.854276638319039 -2.30731745595167
103 1.21441441441441 -0.849413278382132 -2.31964209495976
104 1.21651651651652 -0.844525132722794 -2.33090568135964
105 1.21861861861862 -0.839614391967905 -2.34114589398159
106 1.22072072072072 -0.834683168796258 -2.35039922232732
107 1.22282282282282 -0.829733500399376 -2.35870100373598
108 1.22492492492492 -0.824767350865455 -2.36608545936198
109 1.22702702702703 -0.819786613488892 -2.37258572900401
110 1.22912912912913 -0.814793113007776 -2.37823390482311
111 1.23123123123123 -0.809788607771634 -2.38306106398666
112 1.23333333333333 -0.804774791841651 -2.38709730027351
113 1.23543543543544 -0.799753297025521 -2.39037175467457
114 1.23753753753754 -0.794725694848994 -2.39291264502195
115 1.23963963963964 -0.789693498466133 -2.39474729467834
116 1.24174174174174 -0.784658164510226 -2.39590216031772
117 1.24384384384384 -0.779621094887226 -2.39640285882687
118 1.24594594594595 -0.774583638513546 -2.39627419335672
119 1.24804804804805 -0.769547092999949 -2.39554017855108
120 1.25015015015015 -0.764512706283262 -2.39422406497971
121 1.25225225225225 -0.759481678207527 -2.39234836280162
122 1.25435435435435 -0.754455162056204 -2.38993486468361
123 1.25645645645646 -0.749434266036963 -2.3870046679983
124 1.25855855855856 -0.744420054720534 -2.38357819632497
125 1.26066066066066 -0.739413550435095 -2.37967522027587
126 1.26276276276276 -0.734415734617555 -2.37531487766979
127 1.26486486486486 -0.729427549123097 -2.37051569307396
128 1.26696696696697 -0.724449897494303 -2.36529559673476
129 1.26906906906907 -0.719483646191091 -2.35967194291686
130 1.27117117117117 -0.714529625782719 -2.35366152766986
131 1.27327327327327 -0.709588632103024 -2.34728060604086
132 1.27537537537538 -0.704661427370042 -2.34054490875081
133 1.27747747747748 -0.699748741271124 -2.33346965835163
134 1.27957957957958 -0.694851272014623 -2.32606958488106
135 1.28168168168168 -0.689969687349174 -2.31835894103101
136 1.28378378378378 -0.685104625551603 -2.31035151684514
137 1.28588588588589 -0.680256696384409 -2.30206065396064
138 1.28798798798799 -0.67542648202378 -2.29349925940873
139 1.29009009009009 -0.670614537959049 -2.28467981898801
140 1.29219219219219 -0.665821393864479 -2.27561441022406
141 1.29429429429429 -0.661047554444218 -2.26631471492871
142 1.2963963963964 -0.656293500251275 -2.25679203137144
143 1.2984984984985 -0.651559688481306 -2.24705728607532
144 1.3006006006006 -0.646846553741973 -2.23712104524935
145 1.3027027027027 -0.642154508798666 -2.22699352586872
146 1.3048048048048 -0.637483945297277 -2.21668460641407
147 1.30690690690691 -0.632835234464749 -2.20620383728054
148 1.30900900900901 -0.628208727788095 -2.195560450867
149 1.31111111111111 -0.623604757672515 -2.18476337135553
150 1.31321321321321 -0.619023638079294 -2.17382122419087
151 1.31531531531532 -0.614465665144067 -2.16274234526935
152 1.31741741741742 -0.609931117776065 -2.15153478984627
153 1.31951951951952 -0.605420258238933 -2.14020634117065
154 1.32162162162162 -0.600933332713672 -2.12876451885589
155 1.32372372372372 -0.596470571844248 -2.11721658699456
156 1.32582582582583 -0.592032191266423 -2.10556956202528
157 1.32792792792793 -0.587618392120279 -2.09383022035952
158 1.33003003003003 -0.583229361546976 -2.08200510577576
159 1.33213213213213 -0.578865273170195 -2.07010053658814
160 1.33423423423423 -0.574526287562743 -2.05812261259687
161 1.33633633633634 -0.570212552698773 -2.04607722182687
162 1.33843843843844 -0.565924204392056 -2.03397004706152
163 1.34054054054054 -0.561661366720722 -2.02180657217758
164 1.34264264264264 -0.557424152438902 -2.00959208828769
165 1.34474474474474 -0.553212663375637 -1.99733169969622
166 1.34684684684685 -0.549026990821469 -1.98503032967436
167 1.34894894894895 -0.54486721590308 -1.97269272605998
168 1.35105105105105 -0.540733409946329 -1.96032346668765
169 1.35315315315315 -0.536625634828056 -1.94792696465406
170 1.35525525525526 -0.532543943316982 -1.935507473424
171 1.35735735735736 -0.528488379404043 -1.92306909178166
172 1.35945945945946 -0.524458978622471 -1.91061576863205
173 1.36156156156156 -0.520455768357937 -1.89815130765725
174 1.36366366366366 -0.516478768149052 -1.88567937183181
175 1.36576576576577 -0.512527989978526 -1.8732034878016
176 1.36786786786787 -0.508603438555255 -1.86072705013049
177 1.36996996996997 -0.504705111587623 -1.84825332541862
178 1.37207207207207 -0.500833000048275 -1.83578545629644
179 1.37417417417417 -0.49698708843062 -1.82332646529815
180 1.37627627627628 -0.493167354997319 -1.81087925861825
181 1.37837837837838 -0.489373772020995 -1.79844662975485
182 1.38048048048048 -0.485606306017396 -1.7860312630431
183 1.38258258258258 -0.48186491797125 -1.77363573708202
184 1.38468468468468 -0.478149563555019 -1.76126252805823
185 1.38678678678679 -0.474460193340779 -1.74891401296937
186 1.38888888888889 -0.470796753005419 -1.73659247275051
187 1.39099099099099 -0.467159183529371 -1.72430009530641
188 1.39309309309309 -0.463547421389067 -1.71203897845242
189 1.3951951951952 -0.459961398743296 -1.69981113276692
190 1.3972972972973 -0.456401043613669 -1.68761848435783
191 1.3993993993994 -0.452866280059344 -1.67546287754589
192 1.4015015015015 -0.449357028346207 -1.66334607746722
193 1.4036036036036 -0.445873205110655 -1.6512697725975
194 1.40570570570571 -0.442414723518163 -1.63923557720026
195 1.40780780780781 -0.438981493416769 -1.62724503370149
196 1.40990990990991 -0.435573421485661 -1.61529961499282
197 1.41201201201201 -0.432190411378975 -1.60340072666537
198 1.41411411411411 -0.428832363864988 -1.59154970917643
199 1.41621621621622 -0.425499176960808 -1.57974783995094
200 1.41831831831832 -0.422190746062729 -1.56799633541978
201 1.42042042042042 -0.418906964072349 -1.5562963529966
202 1.42252252252252 -0.415647721518615 -1.54464899299533
203 1.42462462462462 -0.412412906675879 -1.53305530048985
204 1.42672672672673 -0.409202405678118 -1.52151626711775
205 1.42882882882883 -0.406016102629412 -1.5100328328297
206 1.43093093093093 -0.402853879710806 -1.49860588758626
207 1.43303303303303 -0.399715617283651 -1.4872362730035
208 1.43513513513514 -0.396601193989546 -1.47592478394904
209 1.43723723723724 -0.393510486846972 -1.46467217009
210 1.43933933933934 -0.390443371344723 -1.45347913739434
211 1.44144144144144 -0.387399721532227 -1.44234634958687
212 1.44354354354354 -0.384379410106853 -1.43127442956131
213 1.44564564564565 -0.381382308498296 -1.42026396074983
214 1.44774774774775 -0.378408286950128 -1.40931548845117
215 1.44984984984985 -0.375457214598594 -1.39842952111868
216 1.45195195195195 -0.37252895954875 -1.38760653160943
217 1.45405405405405 -0.369623388948003 -1.37684695839552
218 1.45615615615616 -0.366740369057159 -1.36615120673885
219 1.45825825825826 -0.363879765319025 -1.35551964983023
220 1.46036036036036 -0.361041442424661 -1.34495262989401
221 1.46246246246246 -0.358225264377344 -1.33445045925934
222 1.46456456456456 -0.35543109455431 -1.32401342139881
223 1.46666666666667 -0.352658795766353 -1.31364177193563
224 1.46876876876877 -0.349908230315333 -1.30333573962028
225 1.47087087087087 -0.347179260049667 -1.29309552727741
226 1.47297297297297 -0.344471746417855 -1.28292131272397
227 1.47507507507507 -0.341785550520112 -1.27281324965939
228 1.47717717717718 -0.339120533158149 -1.26277146852865
229 1.47927927927928 -0.336476554883178 -1.25279607735905
230 1.48138138138138 -0.333853476042172 -1.2428871625714
231 1.48348348348348 -0.331251156822461 -1.23304478976648
232 1.48558558558559 -0.328669457294686 -1.22326900448741
233 1.48768768768769 -0.326108237454187 -1.21355983295869
234 1.48978978978979 -0.323567357260848 -1.20391728280264
235 1.49189189189189 -0.321046676677475 -1.19434134373377
236 1.49399399399399 -0.318546055706728 -1.18483198823193
237 1.4960960960961 -0.316065354426653 -1.17538917219463
238 1.4981981981982 -0.313604433024882 -1.16601283556943
239 1.5003003003003 -0.311163151831507 -1.15670290296666
240 1.5024024024024 -0.308741371350695 -1.14745928425339
241 1.5045045045045 -0.306338952291072 -1.13828187512889
242 1.50660660660661 -0.303955755594918 -1.12917055768238
243 1.50870870870871 -0.301591642466201 -1.12012520093343
244 1.51081081081081 -0.2992464743975 -1.11114566135558
245 1.51291291291291 -0.296920113195843 -1.10223178338368
246 1.51501501501502 -0.294612421007495 -1.09338339990544
247 1.51711711711712 -0.292323260341722 -1.08460033273761
248 1.51921921921922 -0.290052494093583 -1.07588239308728
249 1.52132132132132 -0.287799985565759 -1.06722938199873
250 1.52342342342342 -0.285565598489454 -1.05864109078627
251 1.52552552552553 -0.283349197044412 -1.05011730145343
252 1.52762762762763 -0.281150645878055 -1.04165778709903
253 1.52972972972973 -0.27896981012379 -1.03326231231029
254 1.53183183183183 -0.276806555418495 -1.02493063354366
255 1.53393393393393 -0.274660747919227 -1.01666249949345
256 1.53603603603604 -0.272532254319155 -1.0084576514488
257 1.53813813813814 -0.270420941862764 -1.0003158236393
258 1.54024024024024 -0.268326678360344 -0.992236743569517
259 1.54234234234234 -0.266249332201779 -0.984220132342856
260 1.54444444444444 -0.264188772369677 -0.976265704975022
261 1.54654654654655 -0.262144868451843 -0.968373170697379
262 1.54864864864865 -0.260117490653129 -0.960542233250549
263 1.55075075075075 -0.258106509806675 -0.952772591168489
264 1.55285285285285 -0.256111797384567 -0.94506393805337
265 1.55495495495496 -0.254133225507917 -0.937415962841495
266 1.55705705705706 -0.252170666956405 -0.929828350060558
267 1.55915915915916 -0.250223995177281 -0.922300780078462
268 1.56126126126126 -0.248293084293854 -0.914832929343972
269 1.56336336336336 -0.246377809113485 -0.907424470619451
270 1.56546546546547 -0.2444780451351 -0.900075073205874
271 1.56756756756757 -0.242593668556235 -0.892784403160401
272 1.56966966966967 -0.240724556279631 -0.88555212350669
273 1.57177177177177 -0.238870585919399 -0.878377894438188
274 1.57387387387387 -0.237031635806759 -0.871261373514599
275 1.57597597597598 -0.235207584995378 -0.864202215851731
276 1.57807807807808 -0.233398313266312 -0.857200074304928
277 1.58018018018018 -0.231603701132568 -0.850254599646271
278 1.58228228228228 -0.22982362984331 -0.843365440735734
279 1.58438438438438 -0.228057981387694 -0.836532244686474
280 1.58648648648649 -0.226306638498377 -0.82975465702444
281 1.58858858858859 -0.224569484654692 -0.823032321842459
282 1.59069069069069 -0.222846404085497 -0.816364881948965
283 1.59279279279279 -0.221137281771731 -0.809751979011545
284 1.5948948948949 -0.219442003448657 -0.803193253695436
285 1.596996996997 -0.217760455607836 -0.796688345797147
286 1.5990990990991 -0.216092525498813 -0.790236894373326
287 1.6012012012012 -0.214438101130539 -0.783838537865052
288 1.6033033033033 -0.212797071272542 -0.777492914217644
289 1.60540540540541 -0.211169325455845 -0.771199660996163
290 1.60750750750751 -0.20955475397365 -0.764958415496712
291 1.60960960960961 -0.207953247881784 -0.758768814853665
292 1.61171171171171 -0.206364698998938 -0.752630496142966
293 1.61381381381381 -0.204788999906677 -0.746543096481578
294 1.61591591591592 -0.203226043949259 -0.740506253123252
295 1.61801801801802 -0.201675725233244 -0.734519603550674
296 1.62012012012012 -0.200137938626923 -0.728582785564139
297 1.62222222222222 -0.198612579759559 -0.722695437366835
298 1.62432432432432 -0.197099545020455 -0.716857197646861
299 1.62642642642643 -0.195598731557845 -0.71106770565605
300 1.62852852852853 -0.194110037277639 -0.705326601285722
301 1.63063063063063 -0.192633360841991 -0.699633525139449
302 1.63273273273273 -0.191168601667736 -0.693988118602921
303 1.63483483483483 -0.189715659924672 -0.688390023911012
304 1.63693693693694 -0.188274436533704 -0.682838884212116
305 1.63903903903904 -0.186844833164863 -0.677334343629858
306 1.64114114114114 -0.185426752235193 -0.671876047322241
307 1.64324324324324 -0.184020096906512 -0.666463641538331
308 1.64534534534535 -0.182624771083065 -0.661096773672523
309 1.64744744744745 -0.181240679409062 -0.655775092316502
310 1.64954954954955 -0.179867727266105 -0.650498247308941
311 1.65165165165165 -0.17850582077052 -0.645265889783024
312 1.65375375375375 -0.177154866770585 -0.640077672211847
313 1.65585585585586 -0.175814772843669 -0.634933248451787
314 1.65795795795796 -0.17448544729328 -0.629832273783872
315 1.66006006006006 -0.173166799146028 -0.624774404953241
316 1.66216216216216 -0.171858738148508 -0.619759300206742
317 1.66426426426426 -0.170561174764106 -0.614786619328728
318 1.66636636636637 -0.169274020169729 -0.609856023675111
319 1.66846846846847 -0.167997186252468 -0.604967176205729
320 1.67057057057057 -0.166730585606195 -0.600119741515081
321 1.67267267267267 -0.165474131528094 -0.595313385861467
322 1.67477477477477 -0.164227738015135 -0.590547777194622
323 1.67687687687688 -0.162991319760492 -0.585822585181843
324 1.67897897897898 -0.161764792149903 -0.581137481232697
325 1.68108108108108 -0.160548071257987 -0.576492138522344
326 1.68318318318318 -0.159341073844505 -0.571886232013499
327 1.68528528528529 -0.158143717350585 -0.567319438477123
328 1.68738738738739 -0.156955919894895 -0.56279143651184
329 1.68948948948949 -0.155777600269787 -0.55830190656214
330 1.69159159159159 -0.154608677937394 -0.553850530935417
331 1.69369369369369 -0.153449073025702 -0.549436993817864
332 1.6957957957958 -0.152298706324578 -0.545060981289276
333 1.6978978978979 -0.151157499281784 -0.540722181336786
334 1.7 -0.150025373998945 -0.53642028386758
335 1.7021021021021 -0.148902253227506 -0.532154980720618
336 1.7042042042042 -0.147788060364657 -0.527925965677404
337 1.70630630630631 -0.146682719449242 -0.523732934471822
338 1.70840840840841 -0.145586155157642 -0.519575584799086
339 1.71051051051051 -0.144498292799644 -0.515453616323824
340 1.71261261261261 -0.143419058314297 -0.511366730687332
341 1.71471471471471 -0.142348378265746 -0.50731463151402
342 1.71681681681682 -0.141286179839056 -0.503297024417083
343 1.71891891891892 -0.140232390836032 -0.499313617003431
344 1.72102102102102 -0.139186939671019 -0.495364118877881
345 1.72312312312312 -0.138149755366697 -0.491448241646667
346 1.72522522522523 -0.137120767549875 -0.487565698920271
347 1.72732732732733 -0.136099906447274 -0.483716206315607
348 1.72942942942943 -0.135087102881305 -0.479899481457579
349 1.73153153153153 -0.134082288265851 -0.476115243980043
350 1.73363363363363 -0.13308539460204 -0.47236321552618
351 1.73573573573574 -0.132096354474023 -0.468643119748317
352 1.73783783783784 -0.131115101044751 -0.464954682307211
353 1.73993993993994 -0.130141568051754 -0.461297630870811
354 1.74204204204204 -0.129175689802924 -0.45767169511252
355 1.74414414414414 -0.1282174011723 -0.454076606708988
356 1.74624624624625 -0.127266637595863 -0.450512099337431
357 1.74834834834835 -0.12632333506733 -0.446977908672515
358 1.75045045045045 -0.12538743013396 -0.443473772382814
359 1.75255255255255 -0.12445885989237 -0.439999430126849
360 1.75465465465465 -0.12353756198435 -0.436554623548751
361 1.75675675675676 -0.1226234745927 -0.433139096273526
362 1.75885885885886 -0.121716536437067 -0.429752593901976
363 1.76096096096096 -0.120816686769802 -0.426394864005262
364 1.76306306306306 -0.119923865371818 -0.423065656119137
365 1.76516516516517 -0.119038012548472 -0.419764721737859
366 1.76726726726727 -0.118159069125452 -0.416491814307796
367 1.76936936936937 -0.117286976444681 -0.413246689220748
368 1.77147147147147 -0.116421676360234 -0.410029103806972
369 1.77357357357357 -0.115563111234272 -0.406838817327957
370 1.77567567567568 -0.11471122393299 -0.403675590968929
371 1.77777777777778 -0.11386595782258 -0.400539187831118
372 1.77987987987988 -0.113027256765214 -0.397429372923792
373 1.78198198198198 -0.112195065115039 -0.394345913156065
374 1.78408408408408 -0.111369327714193 -0.391288577328497
375 1.78618618618619 -0.11054998988884 -0.388257136124487
376 1.78828828828829 -0.109736997445218 -0.385251362101477
377 1.79039039039039 -0.108930296665712 -0.382271029681972
378 1.79249249249249 -0.10812983430494 -0.379315915144387
379 1.79459459459459 -0.107335557585864 -0.376385796613732
380 1.7966966966967 -0.106547414195917 -0.373480454052132
381 1.7987987987988 -0.105765352283153 -0.370599669249211
382 1.8009009009009 -0.104989320452413 -0.367743225812327
383 1.803003003003 -0.104219267761515 -0.364910909156683
384 1.80510510510511 -0.103455143717466 -0.362102506495303
385 1.80720720720721 -0.102696898272691 -0.359317806828903
386 1.80930930930931 -0.101944481821288 -0.356556600935647
387 1.81141141141141 -0.101197845195302 -0.353818681360792
388 1.81351351351351 -0.100456939661019 -0.351103842406256
389 1.81561561561562 -0.0997217169152883 -0.348411880120074
390 1.81771771771772 -0.0989921290818596 -0.345742592285786
391 1.81981981981982 -0.0982681287077483 -0.34309577841174
392 1.82192192192192 -0.0975496687596199 -0.340471239720325
393 1.82402402402402 -0.096836702620199 -0.337868779137134
394 1.82612612612613 -0.0961291840847 -0.335288201280076
395 1.82822822822823 -0.095427067357281 -0.332729312448419
396 1.83033033033033 -0.0947303070475217 -0.330191920611791
397 1.83243243243243 -0.0940388581669228 -0.327675835399131
398 1.83453453453453 -0.0933526761254307 -0.325180868087605
399 1.83663663663664 -0.0926717167279831 -0.322706831591476
400 1.83873873873874 -0.0919959361710808 -0.320253540450949
401 1.84084084084084 -0.0913252910393805 -0.317820810820986
402 1.84294294294294 -0.0906597383023127 -0.315408460460095
403 1.84504504504505 -0.0899992353107225 -0.313016308719104
404 1.84714714714715 -0.0893437397935341 -0.310644176529911
405 1.84924924924925 -0.0886932098544395 -0.308291886394231
406 1.85135135135135 -0.0880476039686099 -0.305959262372329
407 1.85345345345345 -0.0874068809794316 -0.303646130071742
408 1.85555555555556 -0.0867710000952653 -0.301352316636013
409 1.85765765765766 -0.0861399208862292 -0.29907765073341
410 1.85975975975976 -0.0855136032810054 -0.296821962545662
411 1.86186186186186 -0.0848920075636706 -0.294585083756692
412 1.86396396396396 -0.0842750943705499 -0.292366847541369
413 1.86606606606607 -0.0836628246870948 -0.290167088554261
414 1.86816816816817 -0.0830551598447843 -0.287985642918416
415 1.87027027027027 -0.08245206151805 -0.285822348214151
416 1.87237237237237 -0.0818534917212242 -0.283677043467863
417 1.87447447447447 -0.0812594128055121 -0.281549569140868
418 1.87657657657658 -0.0806697874559872 -0.279439767118256
419 1.87867867867868 -0.0800845786886097 -0.277347480697778
420 1.88078078078078 -0.0795037498472692 -0.275272554578761
421 1.88288288288288 -0.0789272646008495 -0.273214834851054
422 1.88498498498498 -0.0783550869403174 -0.271174168984002
423 1.88708708708709 -0.0777871811758344 -0.269150405815466
424 1.88918918918919 -0.0772235119338917 -0.267143395540864
425 1.89129129129129 -0.0766640441544674 -0.26515298970226
426 1.89339339339339 -0.0761087430882077 -0.263179041177492
427 1.8954954954955 -0.0755575742936301 -0.261221404169337
428 1.8975975975976 -0.0750105036343495 -0.259279934194719
429 1.8996996996997 -0.0744674972763274 -0.257354488073966
430 1.9018018018018 -0.0739285216851428 -0.255444923920103
431 1.9039039039039 -0.0733935436232862 -0.2535511011282
432 1.90600600600601 -0.0728625301474762 -0.251672880364764
433 1.90810810810811 -0.072335448605997 -0.24981012355718
434 1.91021021021021 -0.07181226663606 -0.247962693883201
435 1.91231231231231 -0.0712929521611856 -0.246130455760488
436 1.91441441441441 -0.070777473388608 -0.244313274836209
437 1.91651651651652 -0.0702657988067019 -0.242511017976681
438 1.91861861861862 -0.0697578971824298 -0.24072355325707
439 1.92072072072072 -0.0692537375588125 -0.238950749951149
440 1.92282282282282 -0.0687532892524194 -0.237192478521106
441 1.92492492492492 -0.0682565218508817 -0.235448610607409
442 1.92702702702703 -0.0677634052104257 -0.233719019018733
443 1.92912912912913 -0.067273909453428 -0.232003577721935
444 1.93123123123123 -0.0667880049659909 -0.230302161832097
445 1.93333333333333 -0.0663056623955394 -0.228614647602622
446 1.93543543543544 -0.0658268526484389 -0.22694091241539
447 1.93753753753754 -0.0653515468876328 -0.225280834770975
448 1.93963963963964 -0.0648797165303016 -0.223634294278921
449 1.94174174174174 -0.0644113332455418 -0.222001171648078
450 1.94384384384384 -0.0639463689520648 -0.220381348677003
451 1.94594594594595 -0.0634847958159168 -0.218774708244418
452 1.94804804804805 -0.0630265862482176 -0.217181134299731
453 1.95015015015015 -0.0625717129029205 -0.215600511853623
454 1.95225225225225 -0.0621201486745903 -0.214032726968689
455 1.95435435435435 -0.0616718666962029 -0.21247766675015
456 1.95645645645646 -0.0612268403369624 -0.210935219336624
457 1.95855855855856 -0.0607850432001392 -0.209405273890963
458 1.96066066066066 -0.0603464491209258 -0.207887720591146
459 1.96276276276276 -0.0599110321643129 -0.206382450621245
460 1.96486486486487 -0.0594787666229839 -0.204889356162449
461 1.96696696696697 -0.059049627015228 -0.203408330384153
462 1.96906906906907 -0.0586235880828725 -0.201939267435111
463 1.97117117117117 -0.058200624789233 -0.20048206243465
464 1.97327327327327 -0.0577807123170826 -0.199036611463954
465 1.97537537537538 -0.057363826066639 -0.197602811557408
466 1.97747747747748 -0.0569499416535696 -0.196180560694005
467 1.97957957957958 -0.0565390349070154 -0.194769757788818
468 1.98168168168168 -0.0561310818676314 -0.193370302684539
469 1.98378378378378 -0.0557260587856462 -0.191982096143078
470 1.98588588588589 -0.0553239421189379 -0.190605039837225
471 1.98798798798799 -0.0549247085311285 -0.189239036342384
472 1.99009009009009 -0.0545283348896948 -0.187883989128355
473 1.99219219219219 -0.0541347982640971 -0.186539802551199
474 1.99429429429429 -0.0537440759239246 -0.185206381845152
475 1.9963963963964 -0.0533561453370577 -0.183883633114607
476 1.9984984984985 -0.0529709841678476 -0.182571463326158
477 2.0006006006006 -0.0525885702753117 -0.181269780300714
478 2.0027027027027 -0.0522088817113464 -0.179978492705664
479 2.00480480480481 -0.0518318967189554 -0.178697510047113
480 2.00690690690691 -0.0514575937304953 -0.17742674266218
481 2.00900900900901 -0.0510859513659364 -0.176166101711356
482 2.01111111111111 -0.0507169484311399 -0.174915499170923
483 2.01321321321321 -0.0503505639161509 -0.173674847825438
484 2.01531531531532 -0.0499867769935077 -0.172444061260281
485 2.01741741741742 -0.0496255670165651 -0.171223053854255
486 2.01951951951952 -0.0492669135178354 -0.170011740772257
487 2.02162162162162 -0.048910796207343 -0.168810037958004
488 2.02372372372372 -0.0485571949709946 -0.167617862126825
489 2.02582582582583 -0.0482060898689657 -0.166435130758506
490 2.02792792792793 -0.0478574611340995 -0.165261762090201
491 2.03003003003003 -0.0475112891703242 -0.164097675109406
492 2.03213213213213 -0.0471675545510814 -0.16294278954698
493 2.03423423423423 -0.0468262380177714 -0.161797025870237
494 2.03633633633634 -0.0464873204782126 -0.160660305276093
495 2.03843843843844 -0.0461507830051142 -0.159532549684274
496 2.04054054054054 -0.0458166068345649 -0.158413681730575
497 2.04264264264264 -0.0454847733645333 -0.157303624760188
498 2.04474474474474 -0.0451552641533852 -0.156202302821079
499 2.04684684684685 -0.044828060918412 -0.155109640657424
500 2.04894894894895 -0.0445031455343744 -0.154025563703107
501 2.05105105105105 -0.0441805000320598 -0.152949998075272
502 2.05315315315315 -0.0438601065968521 -0.151882870567926
503 2.05525525525525 -0.0435419475673158 -0.150824108645608
504 2.05735735735736 -0.0432260054337931 -0.149773640437104
505 2.05945945945946 -0.0429122628370144 -0.14873139472923
506 2.06156156156156 -0.0426007025667209 -0.147697300960653
507 2.06366366366366 -0.0422913075603013 -0.146671289215782
508 2.06576576576577 -0.0419840609014406 -0.145653290218706
509 2.06786786786787 -0.0416789458187819 -0.144643235327186
510 2.06996996996997 -0.0413759456846004 -0.143641056526704
511 2.07207207207207 -0.04107504401349 -0.142646686424564
512 2.07417417417417 -0.0407762244610627 -0.141660058244044
513 2.07627627627628 -0.0404794708226597 -0.140681105818602
514 2.07837837837838 -0.0401847670320746 -0.139709763586135
515 2.08048048048048 -0.0398920971602887 -0.138745966583289
516 2.08258258258258 -0.039601445414219 -0.137789650439821
517 2.08468468468469 -0.0393127961354765 -0.136840751373012
518 2.08678678678679 -0.0390261337991376 -0.13589920618213
519 2.08888888888889 -0.0387414430125258 -0.134964952242945
520 2.09099099099099 -0.0384587085140063 -0.134037927502291
521 2.09309309309309 -0.0381779151717908 -0.133118070472686
522 2.0951951951952 -0.037899047982754 -0.132205320226987
523 2.0972972972973 -0.0376220920712615 -0.131299616393109
524 2.0993993993994 -0.0373470326880082 -0.13040089914878
525 2.1015015015015 -0.0370738552088685 -0.129509109216357
526 2.1036036036036 -0.0368025451337561 -0.128624187857676
527 2.10570570570571 -0.0365330880854962 -0.127746076868961
528 2.10780780780781 -0.0362654698087068 -0.126874718575776
529 2.10990990990991 -0.0359996761686915 -0.126010055828017
530 2.11201201201201 -0.0357356931503425 -0.125152031994966
531 2.11411411411411 -0.0354735068570539 -0.124300590960374
532 2.11621621621622 -0.0352131035096457 -0.123455677117603
533 2.11831831831832 -0.0349544694452969 -0.122617235364805
534 2.12042042042042 -0.0346975911164902 -0.121785211100148
535 2.12252252252252 -0.0344424550899653 -0.120959550217089
536 2.12462462462462 -0.034189048045683 -0.120140199099692
537 2.12672672672673 -0.0339373567757987 -0.11932710461798
538 2.12882882882883 -0.0336873681836456 -0.118520214123348
539 2.13093093093093 -0.0334390692827279 -0.117719475444001
540 2.13303303303303 -0.0331924471957227 -0.116924836880445
541 2.13513513513514 -0.0329474891534927 -0.116136247201023
542 2.13723723723724 -0.0327041824941064 -0.115353655637482
543 2.13933933933934 -0.0324625146618696 -0.114577011880592
544 2.14144144144144 -0.0322224732063643 -0.113806266075802
545 2.14354354354354 -0.0319840457814977 -0.113041368818938
546 2.14564564564565 -0.0317472201445603 -0.11228227115194
547 2.14774774774775 -0.031511984155292 -0.111528924558642
548 2.14984984984985 -0.0312783257749579 -0.110781280960591
549 2.15195195195195 -0.0310462330654324 -0.110039292712906
550 2.15405405405405 -0.0308156941882925 -0.109302912600172
551 2.15615615615616 -0.0305866974039186 -0.108572093832382
552 2.15825825825826 -0.0303592310706051 -0.107846790040908
553 2.16036036036036 -0.0301332836436786 -0.107126955274519
554 2.16246246246246 -0.0299088436746245 -0.106412543995428
555 2.16456456456456 -0.0296858998102225 -0.105703511075385
556 2.16666666666667 -0.0294644407916888 -0.1049998117918
557 2.16876876876877 -0.0292444554538288 -0.104301401823913
558 2.17087087087087 -0.0290259327241951 -0.103608237248986
559 2.17297297297297 -0.0288088616222555 -0.102920274538547
560 2.17507507507508 -0.028593231258568 -0.102237470554658
561 2.17717717717718 -0.0283790308339637 -0.101559782546223
562 2.17927927927928 -0.0281662496387376 -0.100887168145338
563 2.18138138138138 -0.0279548770518465 -0.100219585363662
564 2.18348348348348 -0.0277449025401155 -0.0995569925888332
565 2.18558558558559 -0.0275363156574508 -0.0988993485809195
566 2.18768768768769 -0.027329106044061 -0.0982466124688978
567 2.18978978978979 -0.0271232634256849 -0.0975987437471699
568 2.19189189189189 -0.0269187776128273 -0.0969557022721133
569 2.19399399399399 -0.0267156385000015 -0.0963174482586625
570 2.1960960960961 -0.0265138360649791 -0.0956839422769244
571 2.1981981981982 -0.0263133603680471 -0.0950551452488276
572 2.2003003003003 -0.0261142015512715 -0.0944310184448013
573 2.2024024024024 -0.0259163498377688 -0.0938115234804883
574 2.2045045045045 -0.025719795530983 -0.0931966223134885
575 2.20660660660661 -0.0255245290139706 -0.0925862772401351
576 2.20870870870871 -0.025330540748692 -0.0919804508923006
577 2.21081081081081 -0.0251378212753091 -0.0913791062342338
578 2.21291291291291 -0.0249463612114903 -0.0907822065594286
579 2.21501501501502 -0.0247561512517214 -0.0901897154875214
580 2.21711711711712 -0.0245671821666234 -0.0896015969612197
581 2.21921921921922 -0.0243794448022764 -0.0890178152432592
582 2.22132132132132 -0.0241929300795503 -0.0884383349133927
583 2.22342342342342 -0.0240076289934413 -0.0878631208654042
584 2.22552552552553 -0.023823532612415 -0.0872921383041559
585 2.22762762762763 -0.0236406320777555 -0.0867253527426616
586 2.22972972972973 -0.0234589186029207 -0.0861627299991885
587 2.23183183183183 -0.0232783834729039 -0.0856042361943882
588 2.23393393393393 -0.0230990180436007 -0.0850498377484541
589 2.23603603603604 -0.0229208137411825 -0.0844995013783072
590 2.23813813813814 -0.0227437620614758 -0.0839531940948088
591 2.24024024024024 -0.0225678545693471 -0.0834108832000014
592 2.24234234234234 -0.0223930828980936 -0.0828725362843733
593 2.24444444444444 -0.0222194387488401 -0.0823381212241545
594 2.24654654654655 -0.0220469138899404 -0.0818076061786334
595 2.24864864864865 -0.0218755001563858 -0.0812809595875037
596 2.25075075075075 -0.0217051894492182 -0.0807581501682357
597 2.25285285285285 -0.0215359737349489 -0.0802391469134719
598 2.25495495495495 -0.0213678450449829 -0.0797239190884505
599 2.25705705705706 -0.0212007954750483 -0.0792124362284503
600 2.25915915915916 -0.0210348171846317 -0.0787046681362644
601 2.26126126126126 -0.0208699023964185 -0.0782005848796955
602 2.26336336336336 -0.020706043395738 -0.0777001567890766
603 2.26546546546547 -0.0205432325300145 -0.0772033544548155
604 2.26756756756757 -0.0203814622082232 -0.0767101487249639
605 2.26966966966967 -0.0202207249003506 -0.0762205107028091
606 2.27177177177177 -0.0200610131368611 -0.075734411744489
607 2.27387387387387 -0.019902319508168 -0.0752518234566322
608 2.27597597597598 -0.0197446366641086 -0.0747727176940178
609 2.27807807807808 -0.019587957313426 -0.0742970665572616
610 2.28018018018018 -0.0194322742232539 -0.073824842390521
611 2.28228228228228 -0.0192775802186077 -0.0733560177792254
612 2.28438438438438 -0.0191238681818794 -0.0728905655478269
613 2.28648648648649 -0.0189711310523372 -0.0724284587575731
614 2.28858858858859 -0.0188193618256309 -0.0719696707043024
615 2.29069069069069 -0.0186685535532998 -0.0715141749162585
616 2.29279279279279 -0.0185186993422879 -0.0710619451519299
617 2.2948948948949 -0.0183697923544609 -0.0706129553979057
618 2.296996996997 -0.0182218258061298 -0.0701671798667568
619 2.2990990990991 -0.0180747929675773 -0.0697245929949337
620 2.3012012012012 -0.0179286871625903 -0.069285169440688
621 2.3033033033033 -0.0177835017679951 -0.0688488840820117
622 2.30540540540541 -0.0176392302131976 -0.0684157120145975
623 2.30750750750751 -0.0174958659797286 -0.0679856285498196
624 2.30960960960961 -0.0173534026007916 -0.0675586092127323
625 2.31171171171171 -0.017211833660816 -0.0671346297400897
626 2.31381381381381 -0.0170711527950146 -0.0667136660783838
627 2.31591591591592 -0.0169313536889441 -0.0662956943819017
628 2.31801801801802 -0.0167924300780707 -0.0658806910108019
629 2.32012012012012 -0.0166543757473392 -0.0654686325292091
630 2.32222222222222 -0.0165171845307463 -0.0650594957033275
631 2.32432432432432 -0.0163808503109179 -0.0646532574995724
632 2.32642642642643 -0.0162453670186898 -0.0642498950827199
633 2.32852852852853 -0.016110728632693 -0.0638493858140744
634 2.33063063063063 -0.0159769291789425 -0.0634517072496547
635 2.33273273273273 -0.0158439627304295 -0.063056837138396
636 2.33483483483483 -0.0157118234067182 -0.062664753420371
637 2.33693693693694 -0.0155805053735455 -0.0622754342250277
638 2.33903903903904 -0.0154500028424253 -0.0618888578694437
639 2.34114114114114 -0.015320310070255 -0.0615050028565981
640 2.34324324324324 -0.0151914213589274 -0.0611238478736597
641 2.34534534534535 -0.0150633310549448 -0.0607453717902926
642 2.34744744744745 -0.0149360335490374 -0.0603695536569763
643 2.34954954954955 -0.0148095232757847 -0.059996372703345
644 2.35165165165165 -0.0146837947132409 -0.0596258083365397
645 2.35375375375375 -0.0145588423825632 -0.0592578401395791
646 2.35585585585586 -0.0144346608476441 -0.0588924478697444
647 2.35795795795796 -0.0143112447147465 -0.0585296114569799
648 2.36006006006006 -0.0141885886321426 -0.0581693110023109
649 2.36216216216216 -0.0140666872897557 -0.0578115267762736
650 2.36426426426426 -0.0139455354188058 -0.0574562392173637
651 2.36636636636637 -0.0138251277914579 -0.0571034289304975
652 2.36846846846847 -0.0137054592204739 -0.0567530766854887
653 2.37057057057057 -0.0135865245588675 -0.0564051634155402
654 2.37267267267267 -0.0134683186995623 -0.0560596702157501
655 2.37477477477477 -0.0133508365750532 -0.0557165783416319
656 2.37687687687688 -0.0132340731570705 -0.0553758692076498
657 2.37897897897898 -0.0131180234562475 -0.0550375243857672
658 2.38108108108108 -0.0130026825217905 -0.0547015256040093
659 2.38318318318318 -0.0128880454411532 -0.0543678547450408
660 2.38528528528529 -0.0127741073397118 -0.0540364938447554
661 2.38738738738739 -0.0126608633804455 -0.0537074250908804
662 2.38948948948949 -0.0125483087636183 -0.0533806308215938
663 2.39159159159159 -0.012436438726464 -0.0530560935241556
664 2.39369369369369 -0.0123252485428747 -0.0527337958335513
665 2.3957957957958 -0.0122147335230913 -0.052413720531149
666 2.3978978978979 -0.0121048890133975 -0.0520958505433697
667 2.4 -0.0119957103958159 -0.0517801689403695
668 2.4021021021021 -0.0118871930878075 -0.0514666589347356
669 2.4042042042042 -0.0117793325419737 -0.0511553038801936
670 2.40630630630631 -0.0116721242457606 -0.0508460872703285
671 2.40840840840841 -0.0115655637211669 -0.0505389927373167
672 2.41051051051051 -0.0114596465244533 -0.0502340040506712
673 2.41261261261261 -0.0113543682458555 -0.0499311051159985
674 2.41471471471471 -0.0112497245092993 -0.0496302799737671
675 2.41681681681682 -0.0111457109721185 -0.0493315127980884
676 2.41891891891892 -0.0110423233247747 -0.0490347878955086
677 2.42102102102102 -0.0109395572905812 -0.0487400897038131
678 2.42312312312312 -0.0108374086254273 -0.0484474027908411
679 2.42522522522523 -0.0107358731175068 -0.0481567118533129
680 2.42732732732733 -0.010634946587048 -0.0478680017156676
681 2.42942942942943 -0.0105346248860468 -0.0475812573289119
682 2.43153153153153 -0.0104349038980013 -0.0472964637694806
683 2.43363363363363 -0.0103357795376498 -0.0470136062381066
684 2.43573573573574 -0.0102372477507105 -0.0467326700587041
685 2.43783783783784 -0.0101393045136235 -0.0464536406772593
686 2.43993993993994 -0.0100419458332959 -0.0461765036607351
687 2.44204204204204 -0.00994516774684817 -0.0459012446959829
688 2.44414414414414 -0.00984896632136338 -0.0456278495886679
689 2.44624624624625 -0.00975333765363869 -0.0453563042622022
690 2.44834834834835 -0.00965827786993874 -0.0450865947566893
691 2.45045045045045 -0.00956378312575169 -0.0448187072278791
692 2.45255255255255 -0.00946984960554695 -0.044552627946131
693 2.45465465465465 -0.00937647352253563 -0.0442883432953892
694 2.45675675675676 -0.00928365111843256 -0.0440258397721658
695 2.45885885885886 -0.00919137866322089 -0.043765103984535
696 2.46096096096096 -0.00909965245491859 -0.0435061226511358
697 2.46306306306306 -0.00900846881934706 -0.043248882600185
698 2.46516516516516 -0.00891782410990183 -0.0429933707684992
699 2.46726726726727 -0.00882771470732522 -0.0427395742005257
700 2.46936936936937 -0.00873813701948128 -0.0424874800473838
701 2.47147147147147 -0.00864908748113231 -0.0422370755659139
702 2.47357357357357 -0.00856056255371779 -0.041988348117736
703 2.47567567567568 -0.00847255872513509 -0.0417412851683181
704 2.47777777777778 -0.00838507250952204 -0.0414958742860516
705 2.47987987987988 -0.00829810044704164 -0.0412521031413373
706 2.48198198198198 -0.00821163910366856 -0.041009959505679
707 2.48408408408408 -0.0081256850709775 -0.0407694312507855
708 2.48618618618619 -0.00804023496593357 -0.0405305063476824
709 2.48828828828829 -0.00795528543068436 -0.0402931728658306
710 2.49039039039039 -0.00787083313235395 -0.0400574189722544
711 2.49249249249249 -0.00778687476283888 -0.0398232329306774
712 2.49459459459459 -0.00770340703860549 -0.0395906031006663
713 2.4966966966967 -0.00762042670048963 -0.0393595179367836
714 2.4987987987988 -0.00753793051349769 -0.0391299659877471
715 2.5009009009009 -0.00745591531669559 -0.0389017691807574
716 2.503003003003 -0.00737437962204732 -0.0386735714300688
717 2.50510510510511 -0.00729332392683663 -0.0384450857691044
718 2.50720720720721 -0.00721274882513355 -0.0382163228032955
719 2.50930930930931 -0.00713265488871427 -0.0379872931380735
720 2.51141141141141 -0.00705304266706135 -0.0377580073788695
721 2.51351351351351 -0.00697391268736365 -0.037528476131115
722 2.51561561561562 -0.00689526545451631 -0.0372987100002412
723 2.51771771771772 -0.00681710145112079 -0.0370687195916795
724 2.51981981981982 -0.0067394211374848 -0.0368385155108611
725 2.52192192192192 -0.00666222495162245 -0.0366081083632174
726 2.52402402402402 -0.00658551330925404 -0.0363775087541796
727 2.52612612612613 -0.00650928660380625 -0.0361467272891791
728 2.52822822822823 -0.00643354520641201 -0.0359157745736471
729 2.53033033033033 -0.0063582894659106 -0.0356846612130151
730 2.53243243243243 -0.00628351970884755 -0.0354533978127142
731 2.53453453453453 -0.00620923623947473 -0.0352219949781758
732 2.53663663663664 -0.00613543933975028 -0.0349904633148312
733 2.53873873873874 -0.00606212926933866 -0.0347588134281117
734 2.54084084084084 -0.00598930626561064 -0.0345270559234487
735 2.54294294294294 -0.00591697054364324 -0.0342952014062733
736 2.54504504504505 -0.00584512229621986 -0.034063260482017
737 2.54714714714715 -0.00577376169383012 -0.0338312437561109
738 2.54924924924925 -0.00570288888466999 -0.0335991618339866
739 2.55135135135135 -0.00563250399464175 -0.0333670253210752
740 2.55345345345345 -0.0055626071273539 -0.0331348448228079
741 2.55555555555556 -0.00549319836412138 -0.0329026309446163
742 2.55765765765766 -0.00542427776396527 -0.0326703942919315
743 2.55975975975976 -0.0053558453636131 -0.0324381454701849
744 2.56186186186186 -0.00528790117749858 -0.0322058950848077
745 2.56396396396396 -0.00522044519776179 -0.0319736537412314
746 2.56606606606607 -0.00515347739424909 -0.0317414320448871
747 2.56816816816817 -0.00508699771451315 -0.0315092406012062
748 2.57027027027027 -0.00502100608381293 -0.03127709001562
749 2.57237237237237 -0.00495550240511367 -0.0310449908935597
750 2.57447447447447 -0.00489048655908698 -0.0308129538404569
751 2.57657657657658 -0.00482595840411067 -0.0305809894617425
752 2.57867867867868 -0.00476191777626897 -0.0303491083628482
753 2.58078078078078 -0.00469836448935229 -0.030117321149205
754 2.58288288288288 -0.00463529833485742 -0.0298856384262444
755 2.58498498498499 -0.00457271908198741 -0.0296540707993976
756 2.58708708708709 -0.00451062647765165 -0.029422628874096
757 2.58918918918919 -0.0044490202464658 -0.0291913232557708
758 2.59129129129129 -0.00438790009075183 -0.0289601645498534
759 2.59339339339339 -0.00432726569053801 -0.028729163361775
760 2.5954954954955 -0.00426711670355889 -0.028498330296967
761 2.5975975975976 -0.00420745276525538 -0.0282676759608607
762 2.5996996996997 -0.00414827348877459 -0.0280372109588873
763 2.6018018018018 -0.00408957846497006 -0.0278069458964783
764 2.6039039039039 -0.00403136726240154 -0.0275768913790649
765 2.60600600600601 -0.00397363942733506 -0.0273470580120782
766 2.60810810810811 -0.00391639448374304 -0.0271174564009499
767 2.61021021021021 -0.00385963193330413 -0.026888097151111
768 2.61231231231231 -0.00380335125540333 -0.026658990867993
769 2.61441441441441 -0.00374755190713188 -0.026430148157027
770 2.61651651651652 -0.00369223332328739 -0.0262015796236446
771 2.61861861861862 -0.00363739491637371 -0.0259732958732768
772 2.62072072072072 -0.00358303607660103 -0.0257453075113551
773 2.62282282282282 -0.00352915617188581 -0.0255176251433107
774 2.62492492492493 -0.00347575454785085 -0.025290259374575
775 2.62702702702703 -0.00342283052782523 -0.0250632208105793
776 2.62912912912913 -0.00337038341284429 -0.0248365200567548
777 2.63123123123123 -0.00331841248164976 -0.0246101677185329
778 2.63333333333333 -0.00326691699068958 -0.0243841744013449
779 2.63543543543544 -0.00321589617411805 -0.024158550710622
780 2.63753753753754 -0.00316534924379575 -0.0239333072517956
781 2.63963963963964 -0.00311527538928955 -0.0237084546302971
782 2.64174174174174 -0.00306567377787264 -0.0234840034515576
783 2.64384384384384 -0.0030165435545245 -0.0232599643210085
784 2.64594594594595 -0.00296788384193093 -0.0230363478440812
785 2.64804804804805 -0.00291969374048398 -0.0228131646262068
786 2.65015015015015 -0.00287197232828208 -0.0225904252728169
787 2.65225225225225 -0.00282471866112986 -0.0223681403893425
788 2.65435435435435 -0.00277793177253835 -0.0221463205812151
789 2.65645645645646 -0.00273161067372481 -0.0219249764538659
790 2.65855855855856 -0.00268575435361284 -0.0217041186127263
791 2.66066066066066 -0.00264036177883233 -0.0214837576632275
792 2.66276276276276 -0.00259543189371944 -0.0212639042108009
793 2.66486486486486 -0.00255096362031669 -0.0210445688608778
794 2.66696696696697 -0.00250695585837285 -0.0208257622188893
795 2.66906906906907 -0.00246340748534303 -0.0206074948902671
796 2.67117117117117 -0.00242031735638859 -0.0203897774804422
797 2.67327327327327 -0.00237768430437724 -0.020172620594846
798 2.67537537537538 -0.00233550713988297 -0.0199560348389098
799 2.67747747747748 -0.00229378465118606 -0.0197400308180649
800 2.67957957957958 -0.00225251560427313 -0.0195246191377426
801 2.68168168168168 -0.00221169874283702 -0.0193098104033742
802 2.68378378378378 -0.00217133278827699 -0.0190956152203911
803 2.68588588588589 -0.00213141643969848 -0.0188820441942245
804 2.68798798798799 -0.0020919483739133 -0.0186691079303057
805 2.69009009009009 -0.00205292724543956 -0.0184568170340661
806 2.69219219219219 -0.00201435168650164 -0.0182451821109369
807 2.69429429429429 -0.00197622030703023 -0.0180342137663495
808 2.6963963963964 -0.00193853169466235 -0.0178239226057351
809 2.6984984984985 -0.00190128441474127 -0.0176143192345251
810 2.7006006006006 -0.00186447701031661 -0.0174054142581507
811 2.7027027027027 -0.00182810800214426 -0.0171972182820434
812 2.70480480480481 -0.00179217588868641 -0.0169897419116343
813 2.70690690690691 -0.00175667914611157 -0.0167829957523549
814 2.70900900900901 -0.00172161622829453 -0.0165769904096363
815 2.71111111111111 -0.00168698556681641 -0.0163717364889099
816 2.71321321321321 -0.00165278557096459 -0.0161672445956071
817 2.71531531531532 -0.00161901462773277 -0.015963525335159
818 2.71741741741742 -0.00158567110182098 -0.0157605893129971
819 2.71951951951952 -0.00155275333563549 -0.0155584471345526
820 2.72162162162162 -0.00152025964928892 -0.0153571094052568
821 2.72372372372372 -0.00148818834060017 -0.0151565867305411
822 2.72582582582583 -0.00145653768509444 -0.0149568897158367
823 2.72792792792793 -0.00142530593600325 -0.014758028966575
824 2.73003003003003 -0.00139449132426438 -0.0145600150881872
825 2.73213213213213 -0.00136409205852197 -0.0143628586861048
826 2.73423423423423 -0.00133410632512639 -0.0141665703657588
827 2.73633633633634 -0.00130453228813438 -0.0139711607325808
828 2.73843843843844 -0.00127536808930891 -0.0137766403920019
829 2.74054054054054 -0.00124661184811933 -0.0135830199494535
830 2.74264264264264 -0.00121826166174122 -0.0133903100103669
831 2.74474474474474 -0.0011903156050565 -0.0131985211801734
832 2.74684684684685 -0.00116277173065338 -0.0130076640643044
833 2.74894894894895 -0.00113562806882636 -0.012817749268191
834 2.75105105105105 -0.00110888262757626 -0.0126287873972646
835 2.75315315315315 -0.0010825333926102 -0.0124407890569566
836 2.75525525525526 -0.00105657832734158 -0.0122537648526983
837 2.75735735735736 -0.00103101537289011 -0.0120677253899208
838 2.75945945945946 -0.00100584244808182 -0.0118826812740556
839 2.76156156156156 -0.000981057449448992 -0.0116986431105339
840 2.76366366366366 -0.000956658251230277 -0.0115156215047871
841 2.76576576576577 -0.000932642705370574 -0.0113336270622465
842 2.76786786786787 -0.000909008641521086 -0.0111526703883433
843 2.76996996996997 -0.000885753867039351 -0.010972762088509
844 2.77207207207207 -0.000862876166989166 -0.0107939127681746
845 2.77417417417417 -0.000840373304140666 -0.0106161330327717
846 2.77627627627628 -0.000818243018970256 -0.0104394334877315
847 2.77837837837838 -0.000796483029660655 -0.0102638247384852
848 2.78048048048048 -0.000775091032100888 -0.0100893173904643
849 2.78258258258258 -0.000754064699886269 -0.00991592204909999
850 2.78468468468468 -0.000733401684318423 -0.00974364931982359
851 2.78678678678679 -0.000713099614405266 -0.0095725098080664
852 2.78888888888889 -0.000693156096861026 -0.00940251411925979
853 2.79099099099099 -0.000673568716106208 -0.00923367285883494
854 2.79309309309309 -0.000654335034267655 -0.0090659966322233
855 2.7951951951952 -0.000635452591178476 -0.00889949604485607
856 2.7972972972973 -0.000616918904378096 -0.0087341817021646
857 2.7993993993994 -0.000598731469112242 -0.00857006420958019
858 2.8015015015015 -0.000580887758332937 -0.00840715417253414
859 2.8036036036036 -0.000563385222698505 -0.00824546219645777
860 2.80570570570571 -0.00054622129057357 -0.00808499888678238
861 2.80780780780781 -0.00052939336802907 -0.0079257748489393
862 2.80990990990991 -0.000512898838842212 -0.00776780068835975
863 2.81201201201201 -0.00049673506449654 -0.00761108701047516
864 2.81411411411411 -0.000480899384181865 -0.0074556444207167
865 2.81621621621622 -0.000465389114794334 -0.00730148352451582
866 2.81831831831832 -0.000450201550936367 -0.00714861492730376
867 2.82042042042042 -0.000435333964916688 -0.00699704923451175
868 2.82252252252252 -0.000420783606750335 -0.00684679705157124
869 2.82462462462462 -0.000406547704158631 -0.00669786898391339
870 2.82672672672673 -0.000392623462569217 -0.00655027563696965
871 2.82882882882883 -0.000379008065116017 -0.00640402761617122
872 2.83093093093093 -0.000365698672639263 -0.00625913552694944
873 2.83303303303303 -0.000352692423685491 -0.00611560997473562
874 2.83513513513514 -0.000339986434507535 -0.00597346156496106
875 2.83723723723724 -0.000327577799064525 -0.00583270090305708
876 2.83933933933934 -0.000315463589021897 -0.00569333859445497
877 2.84144144144144 -0.00030364085375139 -0.00555538524458607
878 2.84354354354354 -0.000292106620331028 -0.00541885145888161
879 2.84564564564565 -0.000280857893545164 -0.00528374784277299
880 2.84774774774775 -0.000269891655884419 -0.00515008500169145
881 2.84984984984985 -0.000259204867545737 -0.00501787354106831
882 2.85195195195195 -0.000248794466432355 -0.00488712406633488
883 2.85405405405405 -0.000238657368153814 -0.00475784718292248
884 2.85615615615616 -0.000228790466025948 -0.0046300534962624
885 2.85825825825826 -0.000219190631070901 -0.00450375361178595
886 2.86036036036036 -0.000209854712017109 -0.00437895813492446
887 2.86246246246246 -0.000200779535299312 -0.00425567767110917
888 2.86456456456456 -0.000191961905058559 -0.00413392282577147
889 2.86666666666667 -0.00018339860314218 -0.00401370420434258
890 2.86876876876877 -0.000175086389103825 -0.00389503241225391
891 2.87087087087087 -0.000167022000203437 -0.00377791805493669
892 2.87297297297297 -0.000159202151407254 -0.00366237173782221
893 2.87507507507507 -0.000151623535387824 -0.00354840406634185
894 2.87717717717718 -0.000144282822523987 -0.00343602564592683
895 2.87927927927928 -0.000137176660900894 -0.00332524708200855
896 2.88138138138138 -0.000130301676309988 -0.00321607898001825
897 2.88348348348348 -0.000123654472249015 -0.00310853194538725
898 2.88558558558559 -0.000117231629922023 -0.00300261658354686
899 2.88768768768769 -0.000111029708239355 -0.00289834349992839
900 2.88978978978979 -0.00010504524381766 -0.00279572329996314
901 2.89189189189189 -9.9274750979891e-05 -0.00269476658908242
902 2.89399399399399 -9.37147217552909e-05 -0.00259548397271755
903 2.8960960960961 -8.83616258794129e-05 -0.00249788605629978
904 2.8981981981982 -8.32119107941082e-05 -0.00240198344526051
905 2.9003003003003 -7.82620016475197e-05 -0.00230778674503096
906 2.9024024024024 -7.35083012941059e-05 -0.00221530656104248
907 2.9045045045045 -6.89471902946166e-05 -0.00212455349872635
908 2.90660660660661 -6.45750269161038e-05 -0.00203553816351391
909 2.90870870870871 -6.03881471319193e-05 -0.00194827116083643
910 2.91081081081081 -5.63828646217221e-05 -0.00186276309612525
911 2.91291291291291 -5.25554707714575e-05 -0.00177902457481167
912 2.91501501501502 -4.89022346733831e-05 -0.00169706620232695
913 2.91711711711712 -4.54194031260582e-05 -0.00161689858410247
914 2.91921921921922 -4.21032006343303e-05 -0.00153853232556946
915 2.92132132132132 -3.89498294093606e-05 -0.0014619780321593
916 2.92342342342342 -3.59554693686089e-05 -0.00138724630930326
917 2.92552552552553 -3.31162781358248e-05 -0.00131434776243261
918 2.92762762762763 -3.04283910410718e-05 -0.00124329299697873
919 2.92972972972973 -2.78879211207065e-05 -0.00117409261837286
920 2.93183183183183 -2.54909591173857e-05 -0.00110675723204636
921 2.93393393393393 -2.32335734800734e-05 -0.00104129744343049
922 2.93603603603604 -2.11118103640249e-05 -0.000977723857956589
923 2.93813813813814 -1.9121693630806e-05 -0.000916047081055946
924 2.94024024024024 -1.72592248482706e-05 -0.000856277718159874
925 2.94234234234234 -1.55203832905848e-05 -0.000798426374699673
926 2.94444444444444 -1.39011259382149e-05 -0.000742503656106661
927 2.94654654654655 -1.23973874779186e-05 -0.000688520167812141
928 2.94864864864865 -1.10050803027572e-05 -0.000636486515247392
929 2.95075075075075 -9.72009451210079e-06 -0.000586413303843768
930 2.95285285285285 -8.53829791160922e-06 -0.000538311139032531
931 2.95495495495495 -7.45553601324764e-06 -0.000492190626245024
932 2.95705705705706 -6.46763203528654e-06 -0.000448062370912524
933 2.95915915915916 -5.5703869022844e-06 -0.000405936978466349
934 2.96126126126126 -4.75957924511369e-06 -0.000365825054337804
935 2.96336336336336 -4.0309654009401e-06 -0.000327737203958194
936 2.96546546546547 -3.38027941323288e-06 -0.000291684032758836
937 2.96756756756757 -2.80323303175622e-06 -0.000257676146171015
938 2.96966966966967 -2.29551571258313e-06 -0.00022572414962606
939 2.97177177177177 -1.85279461808151e-06 -0.000195838648555248
940 2.97387387387387 -1.47071461692114e-06 -0.000168030248389923
941 2.97597597597598 -1.14489828407366e-06 -0.000142309554561359
942 2.97807807807808 -8.70945900809106e-07 -0.000118687172500881
943 2.98018018018018 -6.44435454701109e-07 -9.71737076397874e-05
944 2.98228228228228 -4.60922639618222e-07 -7.77797654093759e-05
945 2.98438438438438 -3.15940855739535e-07 -6.05159512409737e-05
946 2.98648648648649 -2.05001209532124e-07 -4.53928705658689e-05
947 2.98858858858859 -1.23592513771864e-07 -3.24211288153737e-05
948 2.99069069069069 -6.71812875364941e-08 -2.1611331420794e-05
949 2.99279279279279 -3.12117561969416e-08 -1.29740838134396e-05
950 2.9948948948949 -1.11058514312007e-08 -6.51999142461302e-06
951 2.996996996997 -2.2632112139237e-09 -2.25965968561692e-06
952 2.9990990990991 -6.11798233601801e-11 -2.03694027760892e-07
953 3.0012012012012 0 0
954 3.0033033033033 0 0
955 3.00540540540541 0 0
956 3.00750750750751 0 0
957 3.00960960960961 0 0
958 3.01171171171171 0 0
959 3.01381381381381 0 0
960 3.01591591591592 0 0
961 3.01801801801802 0 0
962 3.02012012012012 0 0
963 3.02222222222222 0 0
964 3.02432432432432 0 0
965 3.02642642642643 0 0
966 3.02852852852853 0 0
967 3.03063063063063 0 0
968 3.03273273273273 0 0
969 3.03483483483484 0 0
970 3.03693693693694 0 0
971 3.03903903903904 0 0
972 3.04114114114114 0 0
973 3.04324324324324 0 0
974 3.04534534534535 0 0
975 3.04744744744745 0 0
976 3.04954954954955 0 0
977 3.05165165165165 0 0
978 3.05375375375375 0 0
979 3.05585585585586 0 0
980 3.05795795795796 0 0
981 3.06006006006006 0 0
982 3.06216216216216 0 0
983 3.06426426426426 0 0
984 3.06636636636637 0 0
985 3.06846846846847 0 0
986 3.07057057057057 0 0
987 3.07267267267267 0 0
988 3.07477477477478 0 0
989 3.07687687687688 0 0
990 3.07897897897898 0 0
991 3.08108108108108 0 0
992 3.08318318318318 0 0
993 3.08528528528529 0 0
994 3.08738738738739 0 0
995 3.08948948948949 0 0
996 3.09159159159159 0 0
997 3.09369369369369 0 0
998 3.0957957957958 0 0
999 3.0978978978979 0 0
1000 3.1 0 0
