1.E-07,
446,
  6.0000000    8.0000000    3.8330000    0.50000
  6.0000000    9.0000000    3.8330000    0.50000
  6.0000000   10.0000000    3.8330000    0.50000
  6.0000000   11.0000000    3.8330000    0.50000
  6.0000000   12.0000000    3.8330000    0.50000
  7.0000000    7.0000000    3.8330000    0.50000
  7.0000000    8.0000000    3.8330000    0.50000
  7.0000000    9.0000000    3.8330000    0.50000
  7.0000000   10.0000000    3.8330000    0.50000
  7.0000000   11.0000000    3.8330000    0.50000
  7.0000000   12.0000000    3.8330000    0.50000
  7.0000000   13.0000000    3.8330000    0.50000
  8.0000000    6.0000000    3.8330000    0.50000
  8.0000000    7.0000000    3.8330000    0.50000
  8.0000000    8.0000000    3.8330000    0.50000
  8.0000000    9.0000000    3.8330000    0.50000
  8.0000000   10.0000000    3.8330000    0.50000
  8.0000000   11.0000000    3.8330000    0.50000
  8.0000000   12.0000000    3.8330000    0.50000
  8.0000000   13.0000000    3.8330000    0.50000
  8.0000000   14.0000000    3.8330000    0.50000
  9.0000000    6.0000000    3.8330000    0.50000
  9.0000000    7.0000000    3.8330000    0.50000
  9.0000000    8.0000000    3.8330000    0.50000
  9.0000000    9.0000000    3.8330000    0.50000
  9.0000000   10.0000000    3.8330000    0.50000
  9.0000000   11.0000000    3.8330000    0.50000
  9.0000000   12.0000000    3.8330000    0.50000
  9.0000000   13.0000000    3.8330000    0.50000
  9.0000000   14.0000000    3.8330000    0.50000
 10.0000000    6.0000000    3.8330000    0.50000
 10.0000000    7.0000000    3.8330000    0.50000
 10.0000000    8.0000000    3.8330000    0.50000
 10.0000000    9.0000000    3.8330000    0.50000
 10.0000000   10.0000000    3.8330000    0.50000
 10.0000000   11.0000000    3.8330000    0.50000
 10.0000000   12.0000000    3.8330000    0.50000
 10.0000000   13.0000000    3.8330000    0.50000
 10.0000000   14.0000000    3.8330000    0.50000
 11.0000000    6.0000000    3.8330000    0.50000
 11.0000000    7.0000000    3.8330000    0.50000
 11.0000000    8.0000000    3.8330000    0.50000
 11.0000000    9.0000000    3.8330000    0.50000
 11.0000000   10.0000000    3.8330000    0.50000
 11.0000000   11.0000000    3.8330000    0.50000
 11.0000000   12.0000000    3.8330000    0.50000
 11.0000000   13.0000000    3.8330000    0.50000
 11.0000000   14.0000000    3.8330000    0.50000
 12.0000000    6.0000000    3.8330000    0.50000
 12.0000000    7.0000000    3.8330000    0.50000
 12.0000000    8.0000000    3.8330000    0.50000
 12.0000000    9.0000000    3.8330000    0.50000
 12.0000000   10.0000000    3.8330000    0.50000
 12.0000000   11.0000000    3.8330000    0.50000
 12.0000000   12.0000000    3.8330000    0.50000
 12.0000000   13.0000000    3.8330000    0.50000
 12.0000000   14.0000000    3.8330000    0.50000
 13.0000000    7.0000000    3.8330000    0.50000
 13.0000000    8.0000000    3.8330000    0.50000
 13.0000000    9.0000000    3.8330000    0.50000
 13.0000000   10.0000000    3.8330000    0.50000
 13.0000000   11.0000000    3.8330000    0.50000
 13.0000000   12.0000000    3.8330000    0.50000
 13.0000000   13.0000000    3.8330000    0.50000
 14.0000000    8.0000000    3.8330000    0.50000
 14.0000000    9.0000000    3.8330000    0.50000
 14.0000000   10.0000000    3.8330000    0.50000
 14.0000000   11.0000000    3.8330000    0.50000
 14.0000000   12.0000000    3.8330000    0.50000
  5.0000000    8.0000000    4.8330000    0.50000
  5.0000000    9.0000000    4.8330000    0.50000
  5.0000000   10.0000000    4.8330000    0.50000
  5.0000000   11.0000000    4.8330000    0.50000
  5.0000000   12.0000000    4.8330000    0.50000
  6.0000000    6.0000000    4.8330000    0.50000
  6.0000000    7.0000000    4.8330000    0.50000
  6.0000000   13.0000000    4.8330000    0.50000
  6.0000000   14.0000000    4.8330000    0.50000
  7.0000000    6.0000000    4.8330000    0.50000
  7.0000000   14.0000000    4.8330000    0.50000
  8.0000000    5.0000000    4.8330000    0.50000
  8.0000000   15.0000000    4.8330000    0.50000
  9.0000000    5.0000000    4.8330000    0.50000
  9.0000000   15.0000000    4.8330000    0.50000
 10.0000000    5.0000000    4.8330000    0.50000
 10.0000000   15.0000000    4.8330000    0.50000
 11.0000000    5.0000000    4.8330000    0.50000
 11.0000000   15.0000000    4.8330000    0.50000
 12.0000000    5.0000000    4.8330000    0.50000
 12.0000000   15.0000000    4.8330000    0.50000
 13.0000000    6.0000000    4.8330000    0.50000
 13.0000000   14.0000000    4.8330000    0.50000
 14.0000000    6.0000000    4.8330000    0.50000
 14.0000000    7.0000000    4.8330000    0.50000
 14.0000000   13.0000000    4.8330000    0.50000
 14.0000000   14.0000000    4.8330000    0.50000
 15.0000000    8.0000000    4.8330000    0.50000
 15.0000000    9.0000000    4.8330000    0.50000
 15.0000000   10.0000000    4.8330000    0.50000
 15.0000000   11.0000000    4.8330000    0.50000
 15.0000000   12.0000000    4.8330000    0.50000
  5.0000000    7.0000000    5.8330000    0.50000
  5.0000000    8.0000000    5.8330000    0.50000
  5.0000000    9.0000000    5.8330000    0.50000
  5.0000000   10.0000000    5.8330000    0.50000
  5.0000000   11.0000000    5.8330000    0.50000
  5.0000000   12.0000000    5.8330000    0.50000
  5.0000000   13.0000000    5.8330000    0.50000
  6.0000000    6.0000000    5.8330000    0.50000
  6.0000000   14.0000000    5.8330000    0.50000
  7.0000000    5.0000000    5.8330000    0.50000
  7.0000000   15.0000000    5.8330000    0.50000
  8.0000000    5.0000000    5.8330000    0.50000
  8.0000000   15.0000000    5.8330000    0.50000
  9.0000000    5.0000000    5.8330000    0.50000
  9.0000000   15.0000000    5.8330000    0.50000
 10.0000000    5.0000000    5.8330000    0.50000
 10.0000000   15.0000000    5.8330000    0.50000
 11.0000000    5.0000000    5.8330000    0.50000
 11.0000000   15.0000000    5.8330000    0.50000
 12.0000000    5.0000000    5.8330000    0.50000
 12.0000000   15.0000000    5.8330000    0.50000
 13.0000000    5.0000000    5.8330000    0.50000
 13.0000000   15.0000000    5.8330000    0.50000
 14.0000000    6.0000000    5.8330000    0.50000
 14.0000000   14.0000000    5.8330000    0.50000
 15.0000000    7.0000000    5.8330000    0.50000
 15.0000000    8.0000000    5.8330000    0.50000
 15.0000000    9.0000000    5.8330000    0.50000
 15.0000000   10.0000000    5.8330000    0.50000
 15.0000000   11.0000000    5.8330000    0.50000
 15.0000000   12.0000000    5.8330000    0.50000
 15.0000000   13.0000000    5.8330000    0.50000
  5.0000000    6.0000000    6.8330000    0.50000
  5.0000000    7.0000000    6.8330000    0.50000
  5.0000000    8.0000000    6.8330000    0.50000
  5.0000000    9.0000000    6.8330000    0.50000
  5.0000000   10.0000000    6.8330000    0.50000
  5.0000000   11.0000000    6.8330000    0.50000
  5.0000000   12.0000000    6.8330000    0.50000
  5.0000000   13.0000000    6.8330000    0.50000
  5.0000000   14.0000000    6.8330000    0.50000
  6.0000000    5.0000000    6.8330000    0.50000
  6.0000000   15.0000000    6.8330000    0.50000
  7.0000000    5.0000000    6.8330000    0.50000
  7.0000000   15.0000000    6.8330000    0.50000
  8.0000000    5.0000000    6.8330000    0.50000
  8.0000000   15.0000000    6.8330000    0.50000
  9.0000000    5.0000000    6.8330000    0.50000
  9.0000000   15.0000000    6.8330000    0.50000
 10.0000000    5.0000000    6.8330000    0.50000
 10.0000000   15.0000000    6.8330000    0.50000
 11.0000000    5.0000000    6.8330000    0.50000
 11.0000000   15.0000000    6.8330000    0.50000
 12.0000000    5.0000000    6.8330000    0.50000
 12.0000000   15.0000000    6.8330000    0.50000
 13.0000000    5.0000000    6.8330000    0.50000
 13.0000000   15.0000000    6.8330000    0.50000
 14.0000000    5.0000000    6.8330000    0.50000
 14.0000000   15.0000000    6.8330000    0.50000
 15.0000000    6.0000000    6.8330000    0.50000
 15.0000000    7.0000000    6.8330000    0.50000
 15.0000000    8.0000000    6.8330000    0.50000
 15.0000000    9.0000000    6.8330000    0.50000
 15.0000000   10.0000000    6.8330000    0.50000
 15.0000000   11.0000000    6.8330000    0.50000
 15.0000000   12.0000000    6.8330000    0.50000
 15.0000000   13.0000000    6.8330000    0.50000
 15.0000000   14.0000000    6.8330000    0.50000
  5.0000000    6.0000000    7.8330000    0.50000
  5.0000000    7.0000000    7.8330000    0.50000
  5.0000000    8.0000000    7.8330000    0.50000
  5.0000000    9.0000000    7.8330000    0.50000
  5.0000000   10.0000000    7.8330000    0.50000
  5.0000000   11.0000000    7.8330000    0.50000
  5.0000000   12.0000000    7.8330000    0.50000
  5.0000000   13.0000000    7.8330000    0.50000
  5.0000000   14.0000000    7.8330000    0.50000
  6.0000000    5.0000000    7.8330000    0.50000
  6.0000000   15.0000000    7.8330000    0.50000
  7.0000000    5.0000000    7.8330000    0.50000
  7.0000000   15.0000000    7.8330000    0.50000
  8.0000000    5.0000000    7.8330000    0.50000
  8.0000000   15.0000000    7.8330000    0.50000
  9.0000000    5.0000000    7.8330000    0.50000
  9.0000000   15.0000000    7.8330000    0.50000
 10.0000000    5.0000000    7.8330000    0.50000
 10.0000000   15.0000000    7.8330000    0.50000
 11.0000000    5.0000000    7.8330000    0.50000
 11.0000000   15.0000000    7.8330000    0.50000
 12.0000000    5.0000000    7.8330000    0.50000
 12.0000000   15.0000000    7.8330000    0.50000
 13.0000000    5.0000000    7.8330000    0.50000
 13.0000000   15.0000000    7.8330000    0.50000
 14.0000000    5.0000000    7.8330000    0.50000
 14.0000000   15.0000000    7.8330000    0.50000
 15.0000000    6.0000000    7.8330000    0.50000
 15.0000000    7.0000000    7.8330000    0.50000
 15.0000000    8.0000000    7.8330000    0.50000
 15.0000000    9.0000000    7.8330000    0.50000
 15.0000000   10.0000000    7.8330000    0.50000
 15.0000000   11.0000000    7.8330000    0.50000
 15.0000000   12.0000000    7.8330000    0.50000
 15.0000000   13.0000000    7.8330000    0.50000
 15.0000000   14.0000000    7.8330000    0.50000
  5.0000000    6.0000000    8.8330000    0.50000
  5.0000000    7.0000000    8.8330000    0.50000
  5.0000000    8.0000000    8.8330000    0.50000
  5.0000000    9.0000000    8.8330000    0.50000
  5.0000000   10.0000000    8.8330000    0.50000
  5.0000000   11.0000000    8.8330000    0.50000
  5.0000000   12.0000000    8.8330000    0.50000
  5.0000000   13.0000000    8.8330000    0.50000
  5.0000000   14.0000000    8.8330000    0.50000
  6.0000000    5.0000000    8.8330000    0.50000
  6.0000000   15.0000000    8.8330000    0.50000
  7.0000000    5.0000000    8.8330000    0.50000
  7.0000000   15.0000000    8.8330000    0.50000
  8.0000000    5.0000000    8.8330000    0.50000
  8.0000000   15.0000000    8.8330000    0.50000
  9.0000000    5.0000000    8.8330000    0.50000
  9.0000000   15.0000000    8.8330000    0.50000
 10.0000000    5.0000000    8.8330000    0.50000
 10.0000000   15.0000000    8.8330000    0.50000
 11.0000000    5.0000000    8.8330000    0.50000
 11.0000000   15.0000000    8.8330000    0.50000
 12.0000000    5.0000000    8.8330000    0.50000
 12.0000000   15.0000000    8.8330000    0.50000
 13.0000000    5.0000000    8.8330000    0.50000
 13.0000000   15.0000000    8.8330000    0.50000
 14.0000000    5.0000000    8.8330000    0.50000
 14.0000000   15.0000000    8.8330000    0.50000
 15.0000000    6.0000000    8.8330000    0.50000
 15.0000000    7.0000000    8.8330000    0.50000
 15.0000000    8.0000000    8.8330000    0.50000
 15.0000000    9.0000000    8.8330000    0.50000
 15.0000000   10.0000000    8.8330000    0.50000
 15.0000000   11.0000000    8.8330000    0.50000
 15.0000000   12.0000000    8.8330000    0.50000
 15.0000000   13.0000000    8.8330000    0.50000
 15.0000000   14.0000000    8.8330000    0.50000
  5.0000000    6.0000000    9.8330000    0.50000
  5.0000000    7.0000000    9.8330000    0.50000
  5.0000000    8.0000000    9.8330000    0.50000
  5.0000000    9.0000000    9.8330000    0.50000
  5.0000000   10.0000000    9.8330000    0.50000
  5.0000000   11.0000000    9.8330000    0.50000
  5.0000000   12.0000000    9.8330000    0.50000
  5.0000000   13.0000000    9.8330000    0.50000
  5.0000000   14.0000000    9.8330000    0.50000
  6.0000000    5.0000000    9.8330000    0.50000
  6.0000000   15.0000000    9.8330000    0.50000
  7.0000000    5.0000000    9.8330000    0.50000
  7.0000000   15.0000000    9.8330000    0.50000
  8.0000000    5.0000000    9.8330000    0.50000
  8.0000000   15.0000000    9.8330000    0.50000
  9.0000000    5.0000000    9.8330000    0.50000
  9.0000000   15.0000000    9.8330000    0.50000
 10.0000000    5.0000000    9.8330000    0.50000
 10.0000000   15.0000000    9.8330000    0.50000
 11.0000000    5.0000000    9.8330000    0.50000
 11.0000000   15.0000000    9.8330000    0.50000
 12.0000000    5.0000000    9.8330000    0.50000
 12.0000000   15.0000000    9.8330000    0.50000
 13.0000000    5.0000000    9.8330000    0.50000
 13.0000000   15.0000000    9.8330000    0.50000
 14.0000000    5.0000000    9.8330000    0.50000
 14.0000000   15.0000000    9.8330000    0.50000
 15.0000000    6.0000000    9.8330000    0.50000
 15.0000000    7.0000000    9.8330000    0.50000
 15.0000000    8.0000000    9.8330000    0.50000
 15.0000000    9.0000000    9.8330000    0.50000
 15.0000000   10.0000000    9.8330000    0.50000
 15.0000000   11.0000000    9.8330000    0.50000
 15.0000000   12.0000000    9.8330000    0.50000
 15.0000000   13.0000000    9.8330000    0.50000
 15.0000000   14.0000000    9.8330000    0.50000
  5.0000000    6.0000000   10.8330000    0.50000
  5.0000000    7.0000000   10.8330000    0.50000
  5.0000000    8.0000000   10.8330000    0.50000
  5.0000000    9.0000000   10.8330000    0.50000
  5.0000000   10.0000000   10.8330000    0.50000
  5.0000000   11.0000000   10.8330000    0.50000
  5.0000000   12.0000000   10.8330000    0.50000
  5.0000000   13.0000000   10.8330000    0.50000
  5.0000000   14.0000000   10.8330000    0.50000
  6.0000000    5.0000000   10.8330000    0.50000
  6.0000000   15.0000000   10.8330000    0.50000
  7.0000000    5.0000000   10.8330000    0.50000
  7.0000000   15.0000000   10.8330000    0.50000
  8.0000000    5.0000000   10.8330000    0.50000
  8.0000000   15.0000000   10.8330000    0.50000
  9.0000000    5.0000000   10.8330000    0.50000
  9.0000000   15.0000000   10.8330000    0.50000
 10.0000000    5.0000000   10.8330000    0.50000
 10.0000000   15.0000000   10.8330000    0.50000
 11.0000000    5.0000000   10.8330000    0.50000
 11.0000000   15.0000000   10.8330000    0.50000
 12.0000000    5.0000000   10.8330000    0.50000
 12.0000000   15.0000000   10.8330000    0.50000
 13.0000000    5.0000000   10.8330000    0.50000
 13.0000000   15.0000000   10.8330000    0.50000
 14.0000000    5.0000000   10.8330000    0.50000
 14.0000000   15.0000000   10.8330000    0.50000
 15.0000000    6.0000000   10.8330000    0.50000
 15.0000000    7.0000000   10.8330000    0.50000
 15.0000000    8.0000000   10.8330000    0.50000
 15.0000000    9.0000000   10.8330000    0.50000
 15.0000000   10.0000000   10.8330000    0.50000
 15.0000000   11.0000000   10.8330000    0.50000
 15.0000000   12.0000000   10.8330000    0.50000
 15.0000000   13.0000000   10.8330000    0.50000
 15.0000000   14.0000000   10.8330000    0.50000
  5.0000000    7.0000000   11.8330000    0.50000
  5.0000000    8.0000000   11.8330000    0.50000
  5.0000000    9.0000000   11.8330000    0.50000
  5.0000000   10.0000000   11.8330000    0.50000
  5.0000000   11.0000000   11.8330000    0.50000
  5.0000000   12.0000000   11.8330000    0.50000
  5.0000000   13.0000000   11.8330000    0.50000
  6.0000000    6.0000000   11.8330000    0.50000
  6.0000000   14.0000000   11.8330000    0.50000
  7.0000000    5.0000000   11.8330000    0.50000
  7.0000000   15.0000000   11.8330000    0.50000
  8.0000000    5.0000000   11.8330000    0.50000
  8.0000000   15.0000000   11.8330000    0.50000
  9.0000000    5.0000000   11.8330000    0.50000
  9.0000000   15.0000000   11.8330000    0.50000
 10.0000000    5.0000000   11.8330000    0.50000
 10.0000000   15.0000000   11.8330000    0.50000
 11.0000000    5.0000000   11.8330000    0.50000
 11.0000000   15.0000000   11.8330000    0.50000
 12.0000000    5.0000000   11.8330000    0.50000
 12.0000000   15.0000000   11.8330000    0.50000
 13.0000000    5.0000000   11.8330000    0.50000
 13.0000000   15.0000000   11.8330000    0.50000
 14.0000000    6.0000000   11.8330000    0.50000
 14.0000000   14.0000000   11.8330000    0.50000
 15.0000000    7.0000000   11.8330000    0.50000
 15.0000000    8.0000000   11.8330000    0.50000
 15.0000000    9.0000000   11.8330000    0.50000
 15.0000000   10.0000000   11.8330000    0.50000
 15.0000000   11.0000000   11.8330000    0.50000
 15.0000000   12.0000000   11.8330000    0.50000
 15.0000000   13.0000000   11.8330000    0.50000
  5.0000000    8.0000000   12.8330000    0.50000
  5.0000000    9.0000000   12.8330000    0.50000
  5.0000000   10.0000000   12.8330000    0.50000
  5.0000000   11.0000000   12.8330000    0.50000
  5.0000000   12.0000000   12.8330000    0.50000
  6.0000000    6.0000000   12.8330000    0.50000
  6.0000000    7.0000000   12.8330000    0.50000
  6.0000000   13.0000000   12.8330000    0.50000
  6.0000000   14.0000000   12.8330000    0.50000
  7.0000000    6.0000000   12.8330000    0.50000
  7.0000000   14.0000000   12.8330000    0.50000
  8.0000000    5.0000000   12.8330000    0.50000
  8.0000000   15.0000000   12.8330000    0.50000
  9.0000000    5.0000000   12.8330000    0.50000
  9.0000000   15.0000000   12.8330000    0.50000
 10.0000000    5.0000000   12.8330000    0.50000
 10.0000000   15.0000000   12.8330000    0.50000
 11.0000000    5.0000000   12.8330000    0.50000
 11.0000000   15.0000000   12.8330000    0.50000
 12.0000000    5.0000000   12.8330000    0.50000
 12.0000000   15.0000000   12.8330000    0.50000
 13.0000000    6.0000000   12.8330000    0.50000
 13.0000000   14.0000000   12.8330000    0.50000
 14.0000000    6.0000000   12.8330000    0.50000
 14.0000000    7.0000000   12.8330000    0.50000
 14.0000000   13.0000000   12.8330000    0.50000
 14.0000000   14.0000000   12.8330000    0.50000
 15.0000000    8.0000000   12.8330000    0.50000
 15.0000000    9.0000000   12.8330000    0.50000
 15.0000000   10.0000000   12.8330000    0.50000
 15.0000000   11.0000000   12.8330000    0.50000
 15.0000000   12.0000000   12.8330000    0.50000
  6.0000000    8.0000000   13.8330000    0.50000
  6.0000000    9.0000000   13.8330000    0.50000
  6.0000000   10.0000000   13.8330000    0.50000
  6.0000000   11.0000000   13.8330000    0.50000
  6.0000000   12.0000000   13.8330000    0.50000
  7.0000000    7.0000000   13.8330000    0.50000
  7.0000000    8.0000000   13.8330000    0.50000
  7.0000000    9.0000000   13.8330000    0.50000
  7.0000000   10.0000000   13.8330000    0.50000
  7.0000000   11.0000000   13.8330000    0.50000
  7.0000000   12.0000000   13.8330000    0.50000
  7.0000000   13.0000000   13.8330000    0.50000
  8.0000000    6.0000000   13.8330000    0.50000
  8.0000000    7.0000000   13.8330000    0.50000
  8.0000000    8.0000000   13.8330000    0.50000
  8.0000000    9.0000000   13.8330000    0.50000
  8.0000000   10.0000000   13.8330000    0.50000
  8.0000000   11.0000000   13.8330000    0.50000
  8.0000000   12.0000000   13.8330000    0.50000
  8.0000000   13.0000000   13.8330000    0.50000
  8.0000000   14.0000000   13.8330000    0.50000
  9.0000000    6.0000000   13.8330000    0.50000
  9.0000000    7.0000000   13.8330000    0.50000
  9.0000000    8.0000000   13.8330000    0.50000
  9.0000000    9.0000000   13.8330000    0.50000
  9.0000000   10.0000000   13.8330000    0.50000
  9.0000000   11.0000000   13.8330000    0.50000
  9.0000000   12.0000000   13.8330000    0.50000
  9.0000000   13.0000000   13.8330000    0.50000
  9.0000000   14.0000000   13.8330000    0.50000
 10.0000000    6.0000000   13.8330000    0.50000
 10.0000000    7.0000000   13.8330000    0.50000
 10.0000000    8.0000000   13.8330000    0.50000
 10.0000000    9.0000000   13.8330000    0.50000
 10.0000000   10.0000000   13.8330000    0.50000
 10.0000000   11.0000000   13.8330000    0.50000
 10.0000000   12.0000000   13.8330000    0.50000
 10.0000000   13.0000000   13.8330000    0.50000
 10.0000000   14.0000000   13.8330000    0.50000
 11.0000000    6.0000000   13.8330000    0.50000
 11.0000000    7.0000000   13.8330000    0.50000
 11.0000000    8.0000000   13.8330000    0.50000
 11.0000000    9.0000000   13.8330000    0.50000
 11.0000000   10.0000000   13.8330000    0.50000
 11.0000000   11.0000000   13.8330000    0.50000
 11.0000000   12.0000000   13.8330000    0.50000
 11.0000000   13.0000000   13.8330000    0.50000
 11.0000000   14.0000000   13.8330000    0.50000
 12.0000000    6.0000000   13.8330000    0.50000
 12.0000000    7.0000000   13.8330000    0.50000
 12.0000000    8.0000000   13.8330000    0.50000
 12.0000000    9.0000000   13.8330000    0.50000
 12.0000000   10.0000000   13.8330000    0.50000
 12.0000000   11.0000000   13.8330000    0.50000
 12.0000000   12.0000000   13.8330000    0.50000
 12.0000000   13.0000000   13.8330000    0.50000
 12.0000000   14.0000000   13.8330000    0.50000
 13.0000000    7.0000000   13.8330000    0.50000
 13.0000000    8.0000000   13.8330000    0.50000
 13.0000000    9.0000000   13.8330000    0.50000
 13.0000000   10.0000000   13.8330000    0.50000
 13.0000000   11.0000000   13.8330000    0.50000
 13.0000000   12.0000000   13.8330000    0.50000
 13.0000000   13.0000000   13.8330000    0.50000
 14.0000000    8.0000000   13.8330000    0.50000
 14.0000000    9.0000000   13.8330000    0.50000
 14.0000000   10.0000000   13.8330000    0.50000
 14.0000000   11.0000000   13.8330000    0.50000
 14.0000000   12.0000000   13.8330000    0.50000
