1	1	16	18	18
2	1	16	18	19
3	1	16	18	20
4	1	16	18	21
5	1	16	18	22
6	1	16	19	18
7	1	16	19	19
8	1	16	19	20
9	1	16	19	21
10	1	16	19	22
11	1	16	20	18
12	1	16	20	19
13	1	16	20	20
14	1	16	20	21
15	1	16	20	22
16	1	16	21	18
17	1	16	21	19
18	1	16	21	20
19	1	16	21	21
20	1	16	21	22
21	1	16	22	18
22	1	16	22	19
23	1	16	22	20
24	1	16	22	21
25	1	16	22	22
26	1	17	17	18
27	1	17	17	19
28	1	17	17	20
29	1	17	17	21
30	1	17	17	22
31	1	17	18	17
32	1	17	18	18
33	1	17	18	19
34	1	17	18	20
35	1	17	18	21
36	1	17	18	22
37	1	17	18	23
38	1	17	19	17
39	1	17	19	18
40	1	17	19	19
41	1	17	19	20
42	1	17	19	21
43	1	17	19	22
44	1	17	19	23
45	1	17	20	17
46	1	17	20	18
47	1	17	20	19
48	1	17	20	20
49	1	17	20	21
50	1	17	20	22
51	1	17	20	23
52	1	17	21	17
53	1	17	21	18
54	1	17	21	19
55	1	17	21	20
56	1	17	21	21
57	1	17	21	22
58	1	17	21	23
59	1	17	22	17
60	1	17	22	18
61	1	17	22	19
62	1	17	22	20
63	1	17	22	21
64	1	17	22	22
65	1	17	22	23
66	1	17	23	18
67	1	17	23	19
68	1	17	23	20
69	1	17	23	21
70	1	17	23	22
71	1	18	16	18
72	1	18	16	19
73	1	18	16	20
74	1	18	16	21
75	1	18	16	22
76	1	18	17	17
77	1	18	17	18
78	1	18	17	19
79	1	18	17	20
80	1	18	17	21
81	1	18	17	22
82	1	18	17	23
83	1	18	18	16
84	1	18	18	17
85	1	18	18	18
86	1	18	18	19
87	1	18	18	20
88	1	18	18	21
89	1	18	18	22
90	1	18	18	23
91	1	18	18	24
92	1	18	19	16
93	1	18	19	17
94	1	18	19	18
95	1	18	19	19
96	1	18	19	20
97	1	18	19	21
98	1	18	19	22
99	1	18	19	23
100	1	18	19	24
101	1	18	20	16
102	1	18	20	17
103	1	18	20	18
104	1	18	20	19
105	1	18	20	20
106	1	18	20	21
107	1	18	20	22
108	1	18	20	23
109	1	18	20	24
110	1	18	21	16
111	1	18	21	17
112	1	18	21	18
113	1	18	21	19
114	1	18	21	20
115	1	18	21	21
116	1	18	21	22
117	1	18	21	23
118	1	18	21	24
119	1	18	22	16
120	1	18	22	17
121	1	18	22	18
122	1	18	22	19
123	1	18	22	20
124	1	18	22	21
125	1	18	22	22
126	1	18	22	23
127	1	18	22	24
128	1	18	23	17
129	1	18	23	18
130	1	18	23	19
131	1	18	23	20
132	1	18	23	21
133	1	18	23	22
134	1	18	23	23
135	1	18	24	18
136	1	18	24	19
137	1	18	24	20
138	1	18	24	21
139	1	18	24	22
140	1	19	16	18
141	1	19	16	19
142	1	19	16	20
143	1	19	16	21
144	1	19	16	22
145	1	19	17	17
146	1	19	17	18
147	1	19	17	19
148	1	19	17	20
149	1	19	17	21
150	1	19	17	22
151	1	19	17	23
152	1	19	18	16
153	1	19	18	17
154	1	19	18	18
155	1	19	18	19
156	1	19	18	20
157	1	19	18	21
158	1	19	18	22
159	1	19	18	23
160	1	19	18	24
161	1	19	19	16
162	1	19	19	17
163	1	19	19	18
164	1	19	19	19
165	1	19	19	20
166	1	19	19	21
167	1	19	19	22
168	1	19	19	23
169	1	19	19	24
170	1	19	20	16
171	1	19	20	17
172	1	19	20	18
173	1	19	20	19
174	1	19	20	20
175	1	19	20	21
176	1	19	20	22
177	1	19	20	23
178	1	19	20	24
179	1	19	21	16
180	1	19	21	17
181	1	19	21	18
182	1	19	21	19
183	1	19	21	20
184	1	19	21	21
185	1	19	21	22
186	1	19	21	23
187	1	19	21	24
188	1	19	22	16
189	1	19	22	17
190	1	19	22	18
191	1	19	22	19
192	1	19	22	20
193	1	19	22	21
194	1	19	22	22
195	1	19	22	23
196	1	19	22	24
197	1	19	23	17
198	1	19	23	18
199	1	19	23	19
200	1	19	23	20
201	1	19	23	21
202	1	19	23	22
203	1	19	23	23
204	1	19	24	18
205	1	19	24	19
206	1	19	24	20
207	1	19	24	21
208	1	19	24	22
209	1	20	16	18
210	1	20	16	19
211	1	20	16	20
212	1	20	16	21
213	1	20	16	22
214	1	20	17	17
215	1	20	17	18
216	1	20	17	19
217	1	20	17	20
218	1	20	17	21
219	1	20	17	22
220	1	20	17	23
221	1	20	18	16
222	1	20	18	17
223	1	20	18	18
224	1	20	18	19
225	1	20	18	20
226	1	20	18	21
227	1	20	18	22
228	1	20	18	23
229	1	20	18	24
230	1	20	19	16
231	1	20	19	17
232	1	20	19	18
233	1	20	19	19
234	1	20	19	20
235	1	20	19	21
236	1	20	19	22
237	1	20	19	23
238	1	20	19	24
239	1	20	20	16
240	1	20	20	17
241	1	20	20	18
242	1	20	20	19
243	1	20	20	20
244	1	20	20	21
245	1	20	20	22
246	1	20	20	23
247	1	20	20	24
248	1	20	21	16
249	1	20	21	17
250	1	20	21	18
251	1	20	21	19
252	1	20	21	20
253	1	20	21	21
254	1	20	21	22
255	1	20	21	23
256	1	20	21	24
257	1	20	22	16
258	1	20	22	17
259	1	20	22	18
260	1	20	22	19
261	1	20	22	20
262	1	20	22	21
263	1	20	22	22
264	1	20	22	23
265	1	20	22	24
266	1	20	23	17
267	1	20	23	18
268	1	20	23	19
269	1	20	23	20
270	1	20	23	21
271	1	20	23	22
272	1	20	23	23
273	1	20	24	18
274	1	20	24	19
275	1	20	24	20
276	1	20	24	21
277	1	20	24	22
278	1	21	16	18
279	1	21	16	19
280	1	21	16	20
281	1	21	16	21
282	1	21	16	22
283	1	21	17	17
284	1	21	17	18
285	1	21	17	19
286	1	21	17	20
287	1	21	17	21
288	1	21	17	22
289	1	21	17	23
290	1	21	18	16
291	1	21	18	17
292	1	21	18	18
293	1	21	18	19
294	1	21	18	20
295	1	21	18	21
296	1	21	18	22
297	1	21	18	23
298	1	21	18	24
299	1	21	19	16
300	1	21	19	17
301	1	21	19	18
302	1	21	19	19
303	1	21	19	20
304	1	21	19	21
305	1	21	19	22
306	1	21	19	23
307	1	21	19	24
308	1	21	20	16
309	1	21	20	17
310	1	21	20	18
311	1	21	20	19
312	1	21	20	20
313	1	21	20	21
314	1	21	20	22
315	1	21	20	23
316	1	21	20	24
317	1	21	21	16
318	1	21	21	17
319	1	21	21	18
320	1	21	21	19
321	1	21	21	20
322	1	21	21	21
323	1	21	21	22
324	1	21	21	23
325	1	21	21	24
326	1	21	22	16
327	1	21	22	17
328	1	21	22	18
329	1	21	22	19
330	1	21	22	20
331	1	21	22	21
332	1	21	22	22
333	1	21	22	23
334	1	21	22	24
335	1	21	23	17
336	1	21	23	18
337	1	21	23	19
338	1	21	23	20
339	1	21	23	21
340	1	21	23	22
341	1	21	23	23
342	1	21	24	18
343	1	21	24	19
344	1	21	24	20
345	1	21	24	21
346	1	21	24	22
347	1	22	16	18
348	1	22	16	19
349	1	22	16	20
350	1	22	16	21
351	1	22	16	22
352	1	22	17	17
353	1	22	17	18
354	1	22	17	19
355	1	22	17	20
356	1	22	17	21
357	1	22	17	22
358	1	22	17	23
359	1	22	18	16
360	1	22	18	17
361	1	22	18	18
362	1	22	18	19
363	1	22	18	20
364	1	22	18	21
365	1	22	18	22
366	1	22	18	23
367	1	22	18	24
368	1	22	19	16
369	1	22	19	17
370	1	22	19	18
371	1	22	19	19
372	1	22	19	20
373	1	22	19	21
374	1	22	19	22
375	1	22	19	23
376	1	22	19	24
377	1	22	20	16
378	1	22	20	17
379	1	22	20	18
380	1	22	20	19
381	1	22	20	20
382	1	22	20	21
383	1	22	20	22
384	1	22	20	23
385	1	22	20	24
386	1	22	21	16
387	1	22	21	17
388	1	22	21	18
389	1	22	21	19
390	1	22	21	20
391	1	22	21	21
392	1	22	21	22
393	1	22	21	23
394	1	22	21	24
395	1	22	22	16
396	1	22	22	17
397	1	22	22	18
398	1	22	22	19
399	1	22	22	20
400	1	22	22	21
401	1	22	22	22
402	1	22	22	23
403	1	22	22	24
404	1	22	23	17
405	1	22	23	18
406	1	22	23	19
407	1	22	23	20
408	1	22	23	21
409	1	22	23	22
410	1	22	23	23
411	1	22	24	18
412	1	22	24	19
413	1	22	24	20
414	1	22	24	21
415	1	22	24	22
416	1	23	17	18
417	1	23	17	19
418	1	23	17	20
419	1	23	17	21
420	1	23	17	22
421	1	23	18	17
422	1	23	18	18
423	1	23	18	19
424	1	23	18	20
425	1	23	18	21
426	1	23	18	22
427	1	23	18	23
428	1	23	19	17
429	1	23	19	18
430	1	23	19	19
431	1	23	19	20
432	1	23	19	21
433	1	23	19	22
434	1	23	19	23
435	1	23	20	17
436	1	23	20	18
437	1	23	20	19
438	1	23	20	20
439	1	23	20	21
440	1	23	20	22
441	1	23	20	23
442	1	23	21	17
443	1	23	21	18
444	1	23	21	19
445	1	23	21	20
446	1	23	21	21
447	1	23	21	22
448	1	23	21	23
449	1	23	22	17
450	1	23	22	18
451	1	23	22	19
452	1	23	22	20
453	1	23	22	21
454	1	23	22	22
455	1	23	22	23
456	1	23	23	18
457	1	23	23	19
458	1	23	23	20
459	1	23	23	21
460	1	23	23	22
461	1	24	18	18
462	1	24	18	19
463	1	24	18	20
464	1	24	18	21
465	1	24	18	22
466	1	24	19	18
467	1	24	19	19
468	1	24	19	20
469	1	24	19	21
470	1	24	19	22
471	1	24	20	18
472	1	24	20	19
473	1	24	20	20
474	1	24	20	21
475	1	24	20	22
476	1	24	21	18
477	1	24	21	19
478	1	24	21	20
479	1	24	21	21
480	1	24	21	22
481	1	24	22	18
482	1	24	22	19
483	1	24	22	20
484	1	24	22	21
485	1	24	22	22
486	1	36	18	18
487	1	36	18	19
488	1	36	18	20
489	1	36	18	21
490	1	36	18	22
491	1	36	19	18
492	1	36	19	19
493	1	36	19	20
494	1	36	19	21
495	1	36	19	22
496	1	36	20	18
497	1	36	20	19
498	1	36	20	20
499	1	36	20	21
500	1	36	20	22
501	1	36	21	18
502	1	36	21	19
503	1	36	21	20
504	1	36	21	21
505	1	36	21	22
506	1	36	22	18
507	1	36	22	19
508	1	36	22	20
509	1	36	22	21
510	1	36	22	22
511	1	37	17	18
512	1	37	17	19
513	1	37	17	20
514	1	37	17	21
515	1	37	17	22
516	1	37	18	17
517	1	37	18	18
518	1	37	18	19
519	1	37	18	20
520	1	37	18	21
521	1	37	18	22
522	1	37	18	23
523	1	37	19	17
524	1	37	19	18
525	1	37	19	19
526	1	37	19	20
527	1	37	19	21
528	1	37	19	22
529	1	37	19	23
530	1	37	20	17
531	1	37	20	18
532	1	37	20	19
533	1	37	20	20
534	1	37	20	21
535	1	37	20	22
536	1	37	20	23
537	1	37	21	17
538	1	37	21	18
539	1	37	21	19
540	1	37	21	20
541	1	37	21	21
542	1	37	21	22
543	1	37	21	23
544	1	37	22	17
545	1	37	22	18
546	1	37	22	19
547	1	37	22	20
548	1	37	22	21
549	1	37	22	22
550	1	37	22	23
551	1	37	23	18
552	1	37	23	19
553	1	37	23	20
554	1	37	23	21
555	1	37	23	22
556	1	38	16	18
557	1	38	16	19
558	1	38	16	20
559	1	38	16	21
560	1	38	16	22
561	1	38	17	17
562	1	38	17	18
563	1	38	17	19
564	1	38	17	20
565	1	38	17	21
566	1	38	17	22
567	1	38	17	23
568	1	38	18	16
569	1	38	18	17
570	1	38	18	18
571	1	38	18	19
572	1	38	18	20
573	1	38	18	21
574	1	38	18	22
575	1	38	18	23
576	1	38	18	24
577	1	38	19	16
578	1	38	19	17
579	1	38	19	18
580	1	38	19	19
581	1	38	19	20
582	1	38	19	21
583	1	38	19	22
584	1	38	19	23
585	1	38	19	24
586	1	38	20	16
587	1	38	20	17
588	1	38	20	18
589	1	38	20	19
590	1	38	20	20
591	1	38	20	21
592	1	38	20	22
593	1	38	20	23
594	1	38	20	24
595	1	38	21	16
596	1	38	21	17
597	1	38	21	18
598	1	38	21	19
599	1	38	21	20
600	1	38	21	21
601	1	38	21	22
602	1	38	21	23
603	1	38	21	24
604	1	38	22	16
605	1	38	22	17
606	1	38	22	18
607	1	38	22	19
608	1	38	22	20
609	1	38	22	21
610	1	38	22	22
611	1	38	22	23
612	1	38	22	24
613	1	38	23	17
614	1	38	23	18
615	1	38	23	19
616	1	38	23	20
617	1	38	23	21
618	1	38	23	22
619	1	38	23	23
620	1	38	24	18
621	1	38	24	19
622	1	38	24	20
623	1	38	24	21
624	1	38	24	22
625	1	39	16	18
626	1	39	16	19
627	1	39	16	20
628	1	39	16	21
629	1	39	16	22
630	1	39	17	17
631	1	39	17	18
632	1	39	17	19
633	1	39	17	20
634	1	39	17	21
635	1	39	17	22
636	1	39	17	23
637	1	39	18	16
638	1	39	18	17
639	1	39	18	18
640	1	39	18	19
641	1	39	18	20
642	1	39	18	21
643	1	39	18	22
644	1	39	18	23
645	1	39	18	24
646	1	39	19	16
647	1	39	19	17
648	1	39	19	18
649	1	39	19	19
650	1	39	19	20
651	1	39	19	21
652	1	39	19	22
653	1	39	19	23
654	1	39	19	24
655	1	39	20	16
656	1	39	20	17
657	1	39	20	18
658	1	39	20	19
659	1	39	20	20
660	1	39	20	21
661	1	39	20	22
662	1	39	20	23
663	1	39	20	24
664	1	39	21	16
665	1	39	21	17
666	1	39	21	18
667	1	39	21	19
668	1	39	21	20
669	1	39	21	21
670	1	39	21	22
671	1	39	21	23
672	1	39	21	24
673	1	39	22	16
674	1	39	22	17
675	1	39	22	18
676	1	39	22	19
677	1	39	22	20
678	1	39	22	21
679	1	39	22	22
680	1	39	22	23
681	1	39	22	24
682	1	39	23	17
683	1	39	23	18
684	1	39	23	19
685	1	39	23	20
686	1	39	23	21
687	1	39	23	22
688	1	39	23	23
689	1	39	24	18
690	1	39	24	19
691	1	39	24	20
692	1	39	24	21
693	1	39	24	22
694	1	40	16	18
695	1	40	16	19
696	1	40	16	20
697	1	40	16	21
698	1	40	16	22
699	1	40	17	17
700	1	40	17	18
701	1	40	17	19
702	1	40	17	20
703	1	40	17	21
704	1	40	17	22
705	1	40	17	23
706	1	40	18	16
707	1	40	18	17
708	1	40	18	18
709	1	40	18	19
710	1	40	18	20
711	1	40	18	21
712	1	40	18	22
713	1	40	18	23
714	1	40	18	24
715	1	40	19	16
716	1	40	19	17
717	1	40	19	18
718	1	40	19	19
719	1	40	19	20
720	1	40	19	21
721	1	40	19	22
722	1	40	19	23
723	1	40	19	24
724	1	40	20	16
725	1	40	20	17
726	1	40	20	18
727	1	40	20	19
728	1	40	20	20
729	1	40	20	21
730	1	40	20	22
731	1	40	20	23
732	1	40	20	24
733	1	40	21	16
734	1	40	21	17
735	1	40	21	18
736	1	40	21	19
737	1	40	21	20
738	1	40	21	21
739	1	40	21	22
740	1	40	21	23
741	1	40	21	24
742	1	40	22	16
743	1	40	22	17
744	1	40	22	18
745	1	40	22	19
746	1	40	22	20
747	1	40	22	21
748	1	40	22	22
749	1	40	22	23
750	1	40	22	24
751	1	40	23	17
752	1	40	23	18
753	1	40	23	19
754	1	40	23	20
755	1	40	23	21
756	1	40	23	22
757	1	40	23	23
758	1	40	24	18
759	1	40	24	19
760	1	40	24	20
761	1	40	24	21
762	1	40	24	22
763	1	41	16	18
764	1	41	16	19
765	1	41	16	20
766	1	41	16	21
767	1	41	16	22
768	1	41	17	17
769	1	41	17	18
770	1	41	17	19
771	1	41	17	20
772	1	41	17	21
773	1	41	17	22
774	1	41	17	23
775	1	41	18	16
776	1	41	18	17
777	1	41	18	18
778	1	41	18	19
779	1	41	18	20
780	1	41	18	21
781	1	41	18	22
782	1	41	18	23
783	1	41	18	24
784	1	41	19	16
785	1	41	19	17
786	1	41	19	18
787	1	41	19	19
788	1	41	19	20
789	1	41	19	21
790	1	41	19	22
791	1	41	19	23
792	1	41	19	24
793	1	41	20	16
794	1	41	20	17
795	1	41	20	18
796	1	41	20	19
797	1	41	20	20
798	1	41	20	21
799	1	41	20	22
800	1	41	20	23
801	1	41	20	24
802	1	41	21	16
803	1	41	21	17
804	1	41	21	18
805	1	41	21	19
806	1	41	21	20
807	1	41	21	21
808	1	41	21	22
809	1	41	21	23
810	1	41	21	24
811	1	41	22	16
812	1	41	22	17
813	1	41	22	18
814	1	41	22	19
815	1	41	22	20
816	1	41	22	21
817	1	41	22	22
818	1	41	22	23
819	1	41	22	24
820	1	41	23	17
821	1	41	23	18
822	1	41	23	19
823	1	41	23	20
824	1	41	23	21
825	1	41	23	22
826	1	41	23	23
827	1	41	24	18
828	1	41	24	19
829	1	41	24	20
830	1	41	24	21
831	1	41	24	22
832	1	42	16	18
833	1	42	16	19
834	1	42	16	20
835	1	42	16	21
836	1	42	16	22
837	1	42	17	17
838	1	42	17	18
839	1	42	17	19
840	1	42	17	20
841	1	42	17	21
842	1	42	17	22
843	1	42	17	23
844	1	42	18	16
845	1	42	18	17
846	1	42	18	18
847	1	42	18	19
848	1	42	18	20
849	1	42	18	21
850	1	42	18	22
851	1	42	18	23
852	1	42	18	24
853	1	42	19	16
854	1	42	19	17
855	1	42	19	18
856	1	42	19	19
857	1	42	19	20
858	1	42	19	21
859	1	42	19	22
860	1	42	19	23
861	1	42	19	24
862	1	42	20	16
863	1	42	20	17
864	1	42	20	18
865	1	42	20	19
866	1	42	20	20
867	1	42	20	21
868	1	42	20	22
869	1	42	20	23
870	1	42	20	24
871	1	42	21	16
872	1	42	21	17
873	1	42	21	18
874	1	42	21	19
875	1	42	21	20
876	1	42	21	21
877	1	42	21	22
878	1	42	21	23
879	1	42	21	24
880	1	42	22	16
881	1	42	22	17
882	1	42	22	18
883	1	42	22	19
884	1	42	22	20
885	1	42	22	21
886	1	42	22	22
887	1	42	22	23
888	1	42	22	24
889	1	42	23	17
890	1	42	23	18
891	1	42	23	19
892	1	42	23	20
893	1	42	23	21
894	1	42	23	22
895	1	42	23	23
896	1	42	24	18
897	1	42	24	19
898	1	42	24	20
899	1	42	24	21
900	1	42	24	22
901	1	43	17	18
902	1	43	17	19
903	1	43	17	20
904	1	43	17	21
905	1	43	17	22
906	1	43	18	17
907	1	43	18	18
908	1	43	18	19
909	1	43	18	20
910	1	43	18	21
911	1	43	18	22
912	1	43	18	23
913	1	43	19	17
914	1	43	19	18
915	1	43	19	19
916	1	43	19	20
917	1	43	19	21
918	1	43	19	22
919	1	43	19	23
920	1	43	20	17
921	1	43	20	18
922	1	43	20	19
923	1	43	20	20
924	1	43	20	21
925	1	43	20	22
926	1	43	20	23
927	1	43	21	17
928	1	43	21	18
929	1	43	21	19
930	1	43	21	20
931	1	43	21	21
932	1	43	21	22
933	1	43	21	23
934	1	43	22	17
935	1	43	22	18
936	1	43	22	19
937	1	43	22	20
938	1	43	22	21
939	1	43	22	22
940	1	43	22	23
941	1	43	23	18
942	1	43	23	19
943	1	43	23	20
944	1	43	23	21
945	1	43	23	22
946	1	44	18	18
947	1	44	18	19
948	1	44	18	20
949	1	44	18	21
950	1	44	18	22
951	1	44	19	18
952	1	44	19	19
953	1	44	19	20
954	1	44	19	21
955	1	44	19	22
956	1	44	20	18
957	1	44	20	19
958	1	44	20	20
959	1	44	20	21
960	1	44	20	22
961	1	44	21	18
962	1	44	21	19
963	1	44	21	20
964	1	44	21	21
965	1	44	21	22
966	1	44	22	18
967	1	44	22	19
968	1	44	22	20
969	1	44	22	21
970	1	44	22	22
486	1	16	38	18
487	1	16	38	19
488	1	16	38	20
489	1	16	38	21
490	1	16	38	22
491	1	16	39	18
492	1	16	39	19
493	1	16	39	20
494	1	16	39	21
495	1	16	39	22
496	1	16	40	18
497	1	16	40	19
498	1	16	40	20
499	1	16	40	21
500	1	16	40	22
501	1	16	41	18
502	1	16	41	19
503	1	16	41	20
504	1	16	41	21
505	1	16	41	22
506	1	16	42	18
507	1	16	42	19
508	1	16	42	20
509	1	16	42	21
510	1	16	42	22
511	1	17	37	18
512	1	17	37	19
513	1	17	37	20
514	1	17	37	21
515	1	17	37	22
516	1	17	38	17
517	1	17	38	18
518	1	17	38	19
519	1	17	38	20
520	1	17	38	21
521	1	17	38	22
522	1	17	38	23
523	1	17	39	17
524	1	17	39	18
525	1	17	39	19
526	1	17	39	20
527	1	17	39	21
528	1	17	39	22
529	1	17	39	23
530	1	17	40	17
531	1	17	40	18
532	1	17	40	19
533	1	17	40	20
534	1	17	40	21
535	1	17	40	22
536	1	17	40	23
537	1	17	41	17
538	1	17	41	18
539	1	17	41	19
540	1	17	41	20
541	1	17	41	21
542	1	17	41	22
543	1	17	41	23
544	1	17	42	17
545	1	17	42	18
546	1	17	42	19
547	1	17	42	20
548	1	17	42	21
549	1	17	42	22
550	1	17	42	23
551	1	17	43	18
552	1	17	43	19
553	1	17	43	20
554	1	17	43	21
555	1	17	43	22
556	1	18	36	18
557	1	18	36	19
558	1	18	36	20
559	1	18	36	21
560	1	18	36	22
561	1	18	37	17
562	1	18	37	18
563	1	18	37	19
564	1	18	37	20
565	1	18	37	21
566	1	18	37	22
567	1	18	37	23
568	1	18	38	16
569	1	18	38	17
570	1	18	38	18
571	1	18	38	19
572	1	18	38	20
573	1	18	38	21
574	1	18	38	22
575	1	18	38	23
576	1	18	38	24
577	1	18	39	16
578	1	18	39	17
579	1	18	39	18
580	1	18	39	19
581	1	18	39	20
582	1	18	39	21
583	1	18	39	22
584	1	18	39	23
585	1	18	39	24
586	1	18	40	16
587	1	18	40	17
588	1	18	40	18
589	1	18	40	19
590	1	18	40	20
591	1	18	40	21
592	1	18	40	22
593	1	18	40	23
594	1	18	40	24
595	1	18	41	16
596	1	18	41	17
597	1	18	41	18
598	1	18	41	19
599	1	18	41	20
600	1	18	41	21
601	1	18	41	22
602	1	18	41	23
603	1	18	41	24
604	1	18	42	16
605	1	18	42	17
606	1	18	42	18
607	1	18	42	19
608	1	18	42	20
609	1	18	42	21
610	1	18	42	22
611	1	18	42	23
612	1	18	42	24
613	1	18	43	17
614	1	18	43	18
615	1	18	43	19
616	1	18	43	20
617	1	18	43	21
618	1	18	43	22
619	1	18	43	23
620	1	18	44	18
621	1	18	44	19
622	1	18	44	20
623	1	18	44	21
624	1	18	44	22
625	1	19	36	18
626	1	19	36	19
627	1	19	36	20
628	1	19	36	21
629	1	19	36	22
630	1	19	37	17
631	1	19	37	18
632	1	19	37	19
633	1	19	37	20
634	1	19	37	21
635	1	19	37	22
636	1	19	37	23
637	1	19	38	16
638	1	19	38	17
639	1	19	38	18
640	1	19	38	19
641	1	19	38	20
642	1	19	38	21
643	1	19	38	22
644	1	19	38	23
645	1	19	38	24
646	1	19	39	16
647	1	19	39	17
648	1	19	39	18
649	1	19	39	19
650	1	19	39	20
651	1	19	39	21
652	1	19	39	22
653	1	19	39	23
654	1	19	39	24
655	1	19	40	16
656	1	19	40	17
657	1	19	40	18
658	1	19	40	19
659	1	19	40	20
660	1	19	40	21
661	1	19	40	22
662	1	19	40	23
663	1	19	40	24
664	1	19	41	16
665	1	19	41	17
666	1	19	41	18
667	1	19	41	19
668	1	19	41	20
669	1	19	41	21
670	1	19	41	22
671	1	19	41	23
672	1	19	41	24
673	1	19	42	16
674	1	19	42	17
675	1	19	42	18
676	1	19	42	19
677	1	19	42	20
678	1	19	42	21
679	1	19	42	22
680	1	19	42	23
681	1	19	42	24
682	1	19	43	17
683	1	19	43	18
684	1	19	43	19
685	1	19	43	20
686	1	19	43	21
687	1	19	43	22
688	1	19	43	23
689	1	19	44	18
690	1	19	44	19
691	1	19	44	20
692	1	19	44	21
693	1	19	44	22
694	1	20	36	18
695	1	20	36	19
696	1	20	36	20
697	1	20	36	21
698	1	20	36	22
699	1	20	37	17
700	1	20	37	18
701	1	20	37	19
702	1	20	37	20
703	1	20	37	21
704	1	20	37	22
705	1	20	37	23
706	1	20	38	16
707	1	20	38	17
708	1	20	38	18
709	1	20	38	19
710	1	20	38	20
711	1	20	38	21
712	1	20	38	22
713	1	20	38	23
714	1	20	38	24
715	1	20	39	16
716	1	20	39	17
717	1	20	39	18
718	1	20	39	19
719	1	20	39	20
720	1	20	39	21
721	1	20	39	22
722	1	20	39	23
723	1	20	39	24
724	1	20	40	16
725	1	20	40	17
726	1	20	40	18
727	1	20	40	19
728	1	20	40	20
729	1	20	40	21
730	1	20	40	22
731	1	20	40	23
732	1	20	40	24
733	1	20	41	16
734	1	20	41	17
735	1	20	41	18
736	1	20	41	19
737	1	20	41	20
738	1	20	41	21
739	1	20	41	22
740	1	20	41	23
741	1	20	41	24
742	1	20	42	16
743	1	20	42	17
744	1	20	42	18
745	1	20	42	19
746	1	20	42	20
747	1	20	42	21
748	1	20	42	22
749	1	20	42	23
750	1	20	42	24
751	1	20	43	17
752	1	20	43	18
753	1	20	43	19
754	1	20	43	20
755	1	20	43	21
756	1	20	43	22
757	1	20	43	23
758	1	20	44	18
759	1	20	44	19
760	1	20	44	20
761	1	20	44	21
762	1	20	44	22
763	1	21	36	18
764	1	21	36	19
765	1	21	36	20
766	1	21	36	21
767	1	21	36	22
768	1	21	37	17
769	1	21	37	18
770	1	21	37	19
771	1	21	37	20
772	1	21	37	21
773	1	21	37	22
774	1	21	37	23
775	1	21	38	16
776	1	21	38	17
777	1	21	38	18
778	1	21	38	19
779	1	21	38	20
780	1	21	38	21
781	1	21	38	22
782	1	21	38	23
783	1	21	38	24
784	1	21	39	16
785	1	21	39	17
786	1	21	39	18
787	1	21	39	19
788	1	21	39	20
789	1	21	39	21
790	1	21	39	22
791	1	21	39	23
792	1	21	39	24
793	1	21	40	16
794	1	21	40	17
795	1	21	40	18
796	1	21	40	19
797	1	21	40	20
798	1	21	40	21
799	1	21	40	22
800	1	21	40	23
801	1	21	40	24
802	1	21	41	16
803	1	21	41	17
804	1	21	41	18
805	1	21	41	19
806	1	21	41	20
807	1	21	41	21
808	1	21	41	22
809	1	21	41	23
810	1	21	41	24
811	1	21	42	16
812	1	21	42	17
813	1	21	42	18
814	1	21	42	19
815	1	21	42	20
816	1	21	42	21
817	1	21	42	22
818	1	21	42	23
819	1	21	42	24
820	1	21	43	17
821	1	21	43	18
822	1	21	43	19
823	1	21	43	20
824	1	21	43	21
825	1	21	43	22
826	1	21	43	23
827	1	21	44	18
828	1	21	44	19
829	1	21	44	20
830	1	21	44	21
831	1	21	44	22
832	1	22	36	18
833	1	22	36	19
834	1	22	36	20
835	1	22	36	21
836	1	22	36	22
837	1	22	37	17
838	1	22	37	18
839	1	22	37	19
840	1	22	37	20
841	1	22	37	21
842	1	22	37	22
843	1	22	37	23
844	1	22	38	16
845	1	22	38	17
846	1	22	38	18
847	1	22	38	19
848	1	22	38	20
849	1	22	38	21
850	1	22	38	22
851	1	22	38	23
852	1	22	38	24
853	1	22	39	16
854	1	22	39	17
855	1	22	39	18
856	1	22	39	19
857	1	22	39	20
858	1	22	39	21
859	1	22	39	22
860	1	22	39	23
861	1	22	39	24
862	1	22	40	16
863	1	22	40	17
864	1	22	40	18
865	1	22	40	19
866	1	22	40	20
867	1	22	40	21
868	1	22	40	22
869	1	22	40	23
870	1	22	40	24
871	1	22	41	16
872	1	22	41	17
873	1	22	41	18
874	1	22	41	19
875	1	22	41	20
876	1	22	41	21
877	1	22	41	22
878	1	22	41	23
879	1	22	41	24
880	1	22	42	16
881	1	22	42	17
882	1	22	42	18
883	1	22	42	19
884	1	22	42	20
885	1	22	42	21
886	1	22	42	22
887	1	22	42	23
888	1	22	42	24
889	1	22	43	17
890	1	22	43	18
891	1	22	43	19
892	1	22	43	20
893	1	22	43	21
894	1	22	43	22
895	1	22	43	23
896	1	22	44	18
897	1	22	44	19
898	1	22	44	20
899	1	22	44	21
900	1	22	44	22
901	1	23	37	18
902	1	23	37	19
903	1	23	37	20
904	1	23	37	21
905	1	23	37	22
906	1	23	38	17
907	1	23	38	18
908	1	23	38	19
909	1	23	38	20
910	1	23	38	21
911	1	23	38	22
912	1	23	38	23
913	1	23	39	17
914	1	23	39	18
915	1	23	39	19
916	1	23	39	20
917	1	23	39	21
918	1	23	39	22
919	1	23	39	23
920	1	23	40	17
921	1	23	40	18
922	1	23	40	19
923	1	23	40	20
924	1	23	40	21
925	1	23	40	22
926	1	23	40	23
927	1	23	41	17
928	1	23	41	18
929	1	23	41	19
930	1	23	41	20
931	1	23	41	21
932	1	23	41	22
933	1	23	41	23
934	1	23	42	17
935	1	23	42	18
936	1	23	42	19
937	1	23	42	20
938	1	23	42	21
939	1	23	42	22
940	1	23	42	23
941	1	23	43	18
942	1	23	43	19
943	1	23	43	20
944	1	23	43	21
945	1	23	43	22
946	1	24	38	18
947	1	24	38	19
948	1	24	38	20
949	1	24	38	21
950	1	24	38	22
951	1	24	39	18
952	1	24	39	19
953	1	24	39	20
954	1	24	39	21
955	1	24	39	22
956	1	24	40	18
957	1	24	40	19
958	1	24	40	20
959	1	24	40	21
960	1	24	40	22
961	1	24	41	18
962	1	24	41	19
963	1	24	41	20
964	1	24	41	21
965	1	24	41	22
966	1	24	42	18
967	1	24	42	19
968	1	24	42	20
969	1	24	42	21
970	1	24	42	22
971	1	36	38	18
972	1	36	38	19
973	1	36	38	20
974	1	36	38	21
975	1	36	38	22
976	1	36	39	18
977	1	36	39	19
978	1	36	39	20
979	1	36	39	21
980	1	36	39	22
981	1	36	40	18
982	1	36	40	19
983	1	36	40	20
984	1	36	40	21
985	1	36	40	22
986	1	36	41	18
987	1	36	41	19
988	1	36	41	20
989	1	36	41	21
990	1	36	41	22
991	1	36	42	18
992	1	36	42	19
993	1	36	42	20
994	1	36	42	21
995	1	36	42	22
996	1	37	37	18
997	1	37	37	19
998	1	37	37	20
999	1	37	37	21
1000	1	37	37	22
1001	1	37	38	17
1002	1	37	38	18
1003	1	37	38	19
1004	1	37	38	20
1005	1	37	38	21
1006	1	37	38	22
1007	1	37	38	23
1008	1	37	39	17
1009	1	37	39	18
1010	1	37	39	19
1011	1	37	39	20
1012	1	37	39	21
1013	1	37	39	22
1014	1	37	39	23
1015	1	37	40	17
1016	1	37	40	18
1017	1	37	40	19
1018	1	37	40	20
1019	1	37	40	21
1020	1	37	40	22
1021	1	37	40	23
1022	1	37	41	17
1023	1	37	41	18
1024	1	37	41	19
1025	1	37	41	20
1026	1	37	41	21
1027	1	37	41	22
1028	1	37	41	23
1029	1	37	42	17
1030	1	37	42	18
1031	1	37	42	19
1032	1	37	42	20
1033	1	37	42	21
1034	1	37	42	22
1035	1	37	42	23
1036	1	37	43	18
1037	1	37	43	19
1038	1	37	43	20
1039	1	37	43	21
1040	1	37	43	22
1041	1	38	36	18
1042	1	38	36	19
1043	1	38	36	20
1044	1	38	36	21
1045	1	38	36	22
1046	1	38	37	17
1047	1	38	37	18
1048	1	38	37	19
1049	1	38	37	20
1050	1	38	37	21
1051	1	38	37	22
1052	1	38	37	23
1053	1	38	38	16
1054	1	38	38	17
1055	1	38	38	18
1056	1	38	38	19
1057	1	38	38	20
1058	1	38	38	21
1059	1	38	38	22
1060	1	38	38	23
1061	1	38	38	24
1062	1	38	39	16
1063	1	38	39	17
1064	1	38	39	18
1065	1	38	39	19
1066	1	38	39	20
1067	1	38	39	21
1068	1	38	39	22
1069	1	38	39	23
1070	1	38	39	24
1071	1	38	40	16
1072	1	38	40	17
1073	1	38	40	18
1074	1	38	40	19
1075	1	38	40	20
1076	1	38	40	21
1077	1	38	40	22
1078	1	38	40	23
1079	1	38	40	24
1080	1	38	41	16
1081	1	38	41	17
1082	1	38	41	18
1083	1	38	41	19
1084	1	38	41	20
1085	1	38	41	21
1086	1	38	41	22
1087	1	38	41	23
1088	1	38	41	24
1089	1	38	42	16
1090	1	38	42	17
1091	1	38	42	18
1092	1	38	42	19
1093	1	38	42	20
1094	1	38	42	21
1095	1	38	42	22
1096	1	38	42	23
1097	1	38	42	24
1098	1	38	43	17
1099	1	38	43	18
1100	1	38	43	19
1101	1	38	43	20
1102	1	38	43	21
1103	1	38	43	22
1104	1	38	43	23
1105	1	38	44	18
1106	1	38	44	19
1107	1	38	44	20
1108	1	38	44	21
1109	1	38	44	22
1110	1	39	36	18
1111	1	39	36	19
1112	1	39	36	20
1113	1	39	36	21
1114	1	39	36	22
1115	1	39	37	17
1116	1	39	37	18
1117	1	39	37	19
1118	1	39	37	20
1119	1	39	37	21
1120	1	39	37	22
1121	1	39	37	23
1122	1	39	38	16
1123	1	39	38	17
1124	1	39	38	18
1125	1	39	38	19
1126	1	39	38	20
1127	1	39	38	21
1128	1	39	38	22
1129	1	39	38	23
1130	1	39	38	24
1131	1	39	39	16
1132	1	39	39	17
1133	1	39	39	18
1134	1	39	39	19
1135	1	39	39	20
1136	1	39	39	21
1137	1	39	39	22
1138	1	39	39	23
1139	1	39	39	24
1140	1	39	40	16
1141	1	39	40	17
1142	1	39	40	18
1143	1	39	40	19
1144	1	39	40	20
1145	1	39	40	21
1146	1	39	40	22
1147	1	39	40	23
1148	1	39	40	24
1149	1	39	41	16
1150	1	39	41	17
1151	1	39	41	18
1152	1	39	41	19
1153	1	39	41	20
1154	1	39	41	21
1155	1	39	41	22
1156	1	39	41	23
1157	1	39	41	24
1158	1	39	42	16
1159	1	39	42	17
1160	1	39	42	18
1161	1	39	42	19
1162	1	39	42	20
1163	1	39	42	21
1164	1	39	42	22
1165	1	39	42	23
1166	1	39	42	24
1167	1	39	43	17
1168	1	39	43	18
1169	1	39	43	19
1170	1	39	43	20
1171	1	39	43	21
1172	1	39	43	22
1173	1	39	43	23
1174	1	39	44	18
1175	1	39	44	19
1176	1	39	44	20
1177	1	39	44	21
1178	1	39	44	22
1179	1	40	36	18
1180	1	40	36	19
1181	1	40	36	20
1182	1	40	36	21
1183	1	40	36	22
1184	1	40	37	17
1185	1	40	37	18
1186	1	40	37	19
1187	1	40	37	20
1188	1	40	37	21
1189	1	40	37	22
1190	1	40	37	23
1191	1	40	38	16
1192	1	40	38	17
1193	1	40	38	18
1194	1	40	38	19
1195	1	40	38	20
1196	1	40	38	21
1197	1	40	38	22
1198	1	40	38	23
1199	1	40	38	24
1200	1	40	39	16
1201	1	40	39	17
1202	1	40	39	18
1203	1	40	39	19
1204	1	40	39	20
1205	1	40	39	21
1206	1	40	39	22
1207	1	40	39	23
1208	1	40	39	24
1209	1	40	40	16
1210	1	40	40	17
1211	1	40	40	18
1212	1	40	40	19
1213	1	40	40	20
1214	1	40	40	21
1215	1	40	40	22
1216	1	40	40	23
1217	1	40	40	24
1218	1	40	41	16
1219	1	40	41	17
1220	1	40	41	18
1221	1	40	41	19
1222	1	40	41	20
1223	1	40	41	21
1224	1	40	41	22
1225	1	40	41	23
1226	1	40	41	24
1227	1	40	42	16
1228	1	40	42	17
1229	1	40	42	18
1230	1	40	42	19
1231	1	40	42	20
1232	1	40	42	21
1233	1	40	42	22
1234	1	40	42	23
1235	1	40	42	24
1236	1	40	43	17
1237	1	40	43	18
1238	1	40	43	19
1239	1	40	43	20
1240	1	40	43	21
1241	1	40	43	22
1242	1	40	43	23
1243	1	40	44	18
1244	1	40	44	19
1245	1	40	44	20
1246	1	40	44	21
1247	1	40	44	22
1248	1	41	36	18
1249	1	41	36	19
1250	1	41	36	20
1251	1	41	36	21
1252	1	41	36	22
1253	1	41	37	17
1254	1	41	37	18
1255	1	41	37	19
1256	1	41	37	20
1257	1	41	37	21
1258	1	41	37	22
1259	1	41	37	23
1260	1	41	38	16
1261	1	41	38	17
1262	1	41	38	18
1263	1	41	38	19
1264	1	41	38	20
1265	1	41	38	21
1266	1	41	38	22
1267	1	41	38	23
1268	1	41	38	24
1269	1	41	39	16
1270	1	41	39	17
1271	1	41	39	18
1272	1	41	39	19
1273	1	41	39	20
1274	1	41	39	21
1275	1	41	39	22
1276	1	41	39	23
1277	1	41	39	24
1278	1	41	40	16
1279	1	41	40	17
1280	1	41	40	18
1281	1	41	40	19
1282	1	41	40	20
1283	1	41	40	21
1284	1	41	40	22
1285	1	41	40	23
1286	1	41	40	24
1287	1	41	41	16
1288	1	41	41	17
1289	1	41	41	18
1290	1	41	41	19
1291	1	41	41	20
1292	1	41	41	21
1293	1	41	41	22
1294	1	41	41	23
1295	1	41	41	24
1296	1	41	42	16
1297	1	41	42	17
1298	1	41	42	18
1299	1	41	42	19
1300	1	41	42	20
1301	1	41	42	21
1302	1	41	42	22
1303	1	41	42	23
1304	1	41	42	24
1305	1	41	43	17
1306	1	41	43	18
1307	1	41	43	19
1308	1	41	43	20
1309	1	41	43	21
1310	1	41	43	22
1311	1	41	43	23
1312	1	41	44	18
1313	1	41	44	19
1314	1	41	44	20
1315	1	41	44	21
1316	1	41	44	22
1317	1	42	36	18
1318	1	42	36	19
1319	1	42	36	20
1320	1	42	36	21
1321	1	42	36	22
1322	1	42	37	17
1323	1	42	37	18
1324	1	42	37	19
1325	1	42	37	20
1326	1	42	37	21
1327	1	42	37	22
1328	1	42	37	23
1329	1	42	38	16
1330	1	42	38	17
1331	1	42	38	18
1332	1	42	38	19
1333	1	42	38	20
1334	1	42	38	21
1335	1	42	38	22
1336	1	42	38	23
1337	1	42	38	24
1338	1	42	39	16
1339	1	42	39	17
1340	1	42	39	18
1341	1	42	39	19
1342	1	42	39	20
1343	1	42	39	21
1344	1	42	39	22
1345	1	42	39	23
1346	1	42	39	24
1347	1	42	40	16
1348	1	42	40	17
1349	1	42	40	18
1350	1	42	40	19
1351	1	42	40	20
1352	1	42	40	21
1353	1	42	40	22
1354	1	42	40	23
1355	1	42	40	24
1356	1	42	41	16
1357	1	42	41	17
1358	1	42	41	18
1359	1	42	41	19
1360	1	42	41	20
1361	1	42	41	21
1362	1	42	41	22
1363	1	42	41	23
1364	1	42	41	24
1365	1	42	42	16
1366	1	42	42	17
1367	1	42	42	18
1368	1	42	42	19
1369	1	42	42	20
1370	1	42	42	21
1371	1	42	42	22
1372	1	42	42	23
1373	1	42	42	24
1374	1	42	43	17
1375	1	42	43	18
1376	1	42	43	19
1377	1	42	43	20
1378	1	42	43	21
1379	1	42	43	22
1380	1	42	43	23
1381	1	42	44	18
1382	1	42	44	19
1383	1	42	44	20
1384	1	42	44	21
1385	1	42	44	22
1386	1	43	37	18
1387	1	43	37	19
1388	1	43	37	20
1389	1	43	37	21
1390	1	43	37	22
1391	1	43	38	17
1392	1	43	38	18
1393	1	43	38	19
1394	1	43	38	20
1395	1	43	38	21
1396	1	43	38	22
1397	1	43	38	23
1398	1	43	39	17
1399	1	43	39	18
1400	1	43	39	19
1401	1	43	39	20
1402	1	43	39	21
1403	1	43	39	22
1404	1	43	39	23
1405	1	43	40	17
1406	1	43	40	18
1407	1	43	40	19
1408	1	43	40	20
1409	1	43	40	21
1410	1	43	40	22
1411	1	43	40	23
1412	1	43	41	17
1413	1	43	41	18
1414	1	43	41	19
1415	1	43	41	20
1416	1	43	41	21
1417	1	43	41	22
1418	1	43	41	23
1419	1	43	42	17
1420	1	43	42	18
1421	1	43	42	19
1422	1	43	42	20
1423	1	43	42	21
1424	1	43	42	22
1425	1	43	42	23
1426	1	43	43	18
1427	1	43	43	19
1428	1	43	43	20
1429	1	43	43	21
1430	1	43	43	22
1431	1	44	38	18
1432	1	44	38	19
1433	1	44	38	20
1434	1	44	38	21
1435	1	44	38	22
1436	1	44	39	18
1437	1	44	39	19
1438	1	44	39	20
1439	1	44	39	21
1440	1	44	39	22
1441	1	44	40	18
1442	1	44	40	19
1443	1	44	40	20
1444	1	44	40	21
1445	1	44	40	22
1446	1	44	41	18
1447	1	44	41	19
1448	1	44	41	20
1449	1	44	41	21
1450	1	44	41	22
1451	1	44	42	18
1452	1	44	42	19
1453	1	44	42	20
1454	1	44	42	21
1455	1	44	42	22
486	1	16	18	38
487	1	16	18	39
488	1	16	18	40
489	1	16	18	41
490	1	16	18	42
491	1	16	19	38
492	1	16	19	39
493	1	16	19	40
494	1	16	19	41
495	1	16	19	42
496	1	16	20	38
497	1	16	20	39
498	1	16	20	40
499	1	16	20	41
500	1	16	20	42
501	1	16	21	38
502	1	16	21	39
503	1	16	21	40
504	1	16	21	41
505	1	16	21	42
506	1	16	22	38
507	1	16	22	39
508	1	16	22	40
509	1	16	22	41
510	1	16	22	42
511	1	17	17	38
512	1	17	17	39
513	1	17	17	40
514	1	17	17	41
515	1	17	17	42
516	1	17	18	37
517	1	17	18	38
518	1	17	18	39
519	1	17	18	40
520	1	17	18	41
521	1	17	18	42
522	1	17	18	43
523	1	17	19	37
524	1	17	19	38
525	1	17	19	39
526	1	17	19	40
527	1	17	19	41
528	1	17	19	42
529	1	17	19	43
530	1	17	20	37
531	1	17	20	38
532	1	17	20	39
533	1	17	20	40
534	1	17	20	41
535	1	17	20	42
536	1	17	20	43
537	1	17	21	37
538	1	17	21	38
539	1	17	21	39
540	1	17	21	40
541	1	17	21	41
542	1	17	21	42
543	1	17	21	43
544	1	17	22	37
545	1	17	22	38
546	1	17	22	39
547	1	17	22	40
548	1	17	22	41
549	1	17	22	42
550	1	17	22	43
551	1	17	23	38
552	1	17	23	39
553	1	17	23	40
554	1	17	23	41
555	1	17	23	42
556	1	18	16	38
557	1	18	16	39
558	1	18	16	40
559	1	18	16	41
560	1	18	16	42
561	1	18	17	37
562	1	18	17	38
563	1	18	17	39
564	1	18	17	40
565	1	18	17	41
566	1	18	17	42
567	1	18	17	43
568	1	18	18	36
569	1	18	18	37
570	1	18	18	38
571	1	18	18	39
572	1	18	18	40
573	1	18	18	41
574	1	18	18	42
575	1	18	18	43
576	1	18	18	44
577	1	18	19	36
578	1	18	19	37
579	1	18	19	38
580	1	18	19	39
581	1	18	19	40
582	1	18	19	41
583	1	18	19	42
584	1	18	19	43
585	1	18	19	44
586	1	18	20	36
587	1	18	20	37
588	1	18	20	38
589	1	18	20	39
590	1	18	20	40
591	1	18	20	41
592	1	18	20	42
593	1	18	20	43
594	1	18	20	44
595	1	18	21	36
596	1	18	21	37
597	1	18	21	38
598	1	18	21	39
599	1	18	21	40
600	1	18	21	41
601	1	18	21	42
602	1	18	21	43
603	1	18	21	44
604	1	18	22	36
605	1	18	22	37
606	1	18	22	38
607	1	18	22	39
608	1	18	22	40
609	1	18	22	41
610	1	18	22	42
611	1	18	22	43
612	1	18	22	44
613	1	18	23	37
614	1	18	23	38
615	1	18	23	39
616	1	18	23	40
617	1	18	23	41
618	1	18	23	42
619	1	18	23	43
620	1	18	24	38
621	1	18	24	39
622	1	18	24	40
623	1	18	24	41
624	1	18	24	42
625	1	19	16	38
626	1	19	16	39
627	1	19	16	40
628	1	19	16	41
629	1	19	16	42
630	1	19	17	37
631	1	19	17	38
632	1	19	17	39
633	1	19	17	40
634	1	19	17	41
635	1	19	17	42
636	1	19	17	43
637	1	19	18	36
638	1	19	18	37
639	1	19	18	38
640	1	19	18	39
641	1	19	18	40
642	1	19	18	41
643	1	19	18	42
644	1	19	18	43
645	1	19	18	44
646	1	19	19	36
647	1	19	19	37
648	1	19	19	38
649	1	19	19	39
650	1	19	19	40
651	1	19	19	41
652	1	19	19	42
653	1	19	19	43
654	1	19	19	44
655	1	19	20	36
656	1	19	20	37
657	1	19	20	38
658	1	19	20	39
659	1	19	20	40
660	1	19	20	41
661	1	19	20	42
662	1	19	20	43
663	1	19	20	44
664	1	19	21	36
665	1	19	21	37
666	1	19	21	38
667	1	19	21	39
668	1	19	21	40
669	1	19	21	41
670	1	19	21	42
671	1	19	21	43
672	1	19	21	44
673	1	19	22	36
674	1	19	22	37
675	1	19	22	38
676	1	19	22	39
677	1	19	22	40
678	1	19	22	41
679	1	19	22	42
680	1	19	22	43
681	1	19	22	44
682	1	19	23	37
683	1	19	23	38
684	1	19	23	39
685	1	19	23	40
686	1	19	23	41
687	1	19	23	42
688	1	19	23	43
689	1	19	24	38
690	1	19	24	39
691	1	19	24	40
692	1	19	24	41
693	1	19	24	42
694	1	20	16	38
695	1	20	16	39
696	1	20	16	40
697	1	20	16	41
698	1	20	16	42
699	1	20	17	37
700	1	20	17	38
701	1	20	17	39
702	1	20	17	40
703	1	20	17	41
704	1	20	17	42
705	1	20	17	43
706	1	20	18	36
707	1	20	18	37
708	1	20	18	38
709	1	20	18	39
710	1	20	18	40
711	1	20	18	41
712	1	20	18	42
713	1	20	18	43
714	1	20	18	44
715	1	20	19	36
716	1	20	19	37
717	1	20	19	38
718	1	20	19	39
719	1	20	19	40
720	1	20	19	41
721	1	20	19	42
722	1	20	19	43
723	1	20	19	44
724	1	20	20	36
725	1	20	20	37
726	1	20	20	38
727	1	20	20	39
728	1	20	20	40
729	1	20	20	41
730	1	20	20	42
731	1	20	20	43
732	1	20	20	44
733	1	20	21	36
734	1	20	21	37
735	1	20	21	38
736	1	20	21	39
737	1	20	21	40
738	1	20	21	41
739	1	20	21	42
740	1	20	21	43
741	1	20	21	44
742	1	20	22	36
743	1	20	22	37
744	1	20	22	38
745	1	20	22	39
746	1	20	22	40
747	1	20	22	41
748	1	20	22	42
749	1	20	22	43
750	1	20	22	44
751	1	20	23	37
752	1	20	23	38
753	1	20	23	39
754	1	20	23	40
755	1	20	23	41
756	1	20	23	42
757	1	20	23	43
758	1	20	24	38
759	1	20	24	39
760	1	20	24	40
761	1	20	24	41
762	1	20	24	42
763	1	21	16	38
764	1	21	16	39
765	1	21	16	40
766	1	21	16	41
767	1	21	16	42
768	1	21	17	37
769	1	21	17	38
770	1	21	17	39
771	1	21	17	40
772	1	21	17	41
773	1	21	17	42
774	1	21	17	43
775	1	21	18	36
776	1	21	18	37
777	1	21	18	38
778	1	21	18	39
779	1	21	18	40
780	1	21	18	41
781	1	21	18	42
782	1	21	18	43
783	1	21	18	44
784	1	21	19	36
785	1	21	19	37
786	1	21	19	38
787	1	21	19	39
788	1	21	19	40
789	1	21	19	41
790	1	21	19	42
791	1	21	19	43
792	1	21	19	44
793	1	21	20	36
794	1	21	20	37
795	1	21	20	38
796	1	21	20	39
797	1	21	20	40
798	1	21	20	41
799	1	21	20	42
800	1	21	20	43
801	1	21	20	44
802	1	21	21	36
803	1	21	21	37
804	1	21	21	38
805	1	21	21	39
806	1	21	21	40
807	1	21	21	41
808	1	21	21	42
809	1	21	21	43
810	1	21	21	44
811	1	21	22	36
812	1	21	22	37
813	1	21	22	38
814	1	21	22	39
815	1	21	22	40
816	1	21	22	41
817	1	21	22	42
818	1	21	22	43
819	1	21	22	44
820	1	21	23	37
821	1	21	23	38
822	1	21	23	39
823	1	21	23	40
824	1	21	23	41
825	1	21	23	42
826	1	21	23	43
827	1	21	24	38
828	1	21	24	39
829	1	21	24	40
830	1	21	24	41
831	1	21	24	42
832	1	22	16	38
833	1	22	16	39
834	1	22	16	40
835	1	22	16	41
836	1	22	16	42
837	1	22	17	37
838	1	22	17	38
839	1	22	17	39
840	1	22	17	40
841	1	22	17	41
842	1	22	17	42
843	1	22	17	43
844	1	22	18	36
845	1	22	18	37
846	1	22	18	38
847	1	22	18	39
848	1	22	18	40
849	1	22	18	41
850	1	22	18	42
851	1	22	18	43
852	1	22	18	44
853	1	22	19	36
854	1	22	19	37
855	1	22	19	38
856	1	22	19	39
857	1	22	19	40
858	1	22	19	41
859	1	22	19	42
860	1	22	19	43
861	1	22	19	44
862	1	22	20	36
863	1	22	20	37
864	1	22	20	38
865	1	22	20	39
866	1	22	20	40
867	1	22	20	41
868	1	22	20	42
869	1	22	20	43
870	1	22	20	44
871	1	22	21	36
872	1	22	21	37
873	1	22	21	38
874	1	22	21	39
875	1	22	21	40
876	1	22	21	41
877	1	22	21	42
878	1	22	21	43
879	1	22	21	44
880	1	22	22	36
881	1	22	22	37
882	1	22	22	38
883	1	22	22	39
884	1	22	22	40
885	1	22	22	41
886	1	22	22	42
887	1	22	22	43
888	1	22	22	44
889	1	22	23	37
890	1	22	23	38
891	1	22	23	39
892	1	22	23	40
893	1	22	23	41
894	1	22	23	42
895	1	22	23	43
896	1	22	24	38
897	1	22	24	39
898	1	22	24	40
899	1	22	24	41
900	1	22	24	42
901	1	23	17	38
902	1	23	17	39
903	1	23	17	40
904	1	23	17	41
905	1	23	17	42
906	1	23	18	37
907	1	23	18	38
908	1	23	18	39
909	1	23	18	40
910	1	23	18	41
911	1	23	18	42
912	1	23	18	43
913	1	23	19	37
914	1	23	19	38
915	1	23	19	39
916	1	23	19	40
917	1	23	19	41
918	1	23	19	42
919	1	23	19	43
920	1	23	20	37
921	1	23	20	38
922	1	23	20	39
923	1	23	20	40
924	1	23	20	41
925	1	23	20	42
926	1	23	20	43
927	1	23	21	37
928	1	23	21	38
929	1	23	21	39
930	1	23	21	40
931	1	23	21	41
932	1	23	21	42
933	1	23	21	43
934	1	23	22	37
935	1	23	22	38
936	1	23	22	39
937	1	23	22	40
938	1	23	22	41
939	1	23	22	42
940	1	23	22	43
941	1	23	23	38
942	1	23	23	39
943	1	23	23	40
944	1	23	23	41
945	1	23	23	42
946	1	24	18	38
947	1	24	18	39
948	1	24	18	40
949	1	24	18	41
950	1	24	18	42
951	1	24	19	38
952	1	24	19	39
953	1	24	19	40
954	1	24	19	41
955	1	24	19	42
956	1	24	20	38
957	1	24	20	39
958	1	24	20	40
959	1	24	20	41
960	1	24	20	42
961	1	24	21	38
962	1	24	21	39
963	1	24	21	40
964	1	24	21	41
965	1	24	21	42
966	1	24	22	38
967	1	24	22	39
968	1	24	22	40
969	1	24	22	41
970	1	24	22	42
971	1	36	18	38
972	1	36	18	39
973	1	36	18	40
974	1	36	18	41
975	1	36	18	42
976	1	36	19	38
977	1	36	19	39
978	1	36	19	40
979	1	36	19	41
980	1	36	19	42
981	1	36	20	38
982	1	36	20	39
983	1	36	20	40
984	1	36	20	41
985	1	36	20	42
986	1	36	21	38
987	1	36	21	39
988	1	36	21	40
989	1	36	21	41
990	1	36	21	42
991	1	36	22	38
992	1	36	22	39
993	1	36	22	40
994	1	36	22	41
995	1	36	22	42
996	1	37	17	38
997	1	37	17	39
998	1	37	17	40
999	1	37	17	41
1000	1	37	17	42
1001	1	37	18	37
1002	1	37	18	38
1003	1	37	18	39
1004	1	37	18	40
1005	1	37	18	41
1006	1	37	18	42
1007	1	37	18	43
1008	1	37	19	37
1009	1	37	19	38
1010	1	37	19	39
1011	1	37	19	40
1012	1	37	19	41
1013	1	37	19	42
1014	1	37	19	43
1015	1	37	20	37
1016	1	37	20	38
1017	1	37	20	39
1018	1	37	20	40
1019	1	37	20	41
1020	1	37	20	42
1021	1	37	20	43
1022	1	37	21	37
1023	1	37	21	38
1024	1	37	21	39
1025	1	37	21	40
1026	1	37	21	41
1027	1	37	21	42
1028	1	37	21	43
1029	1	37	22	37
1030	1	37	22	38
1031	1	37	22	39
1032	1	37	22	40
1033	1	37	22	41
1034	1	37	22	42
1035	1	37	22	43
1036	1	37	23	38
1037	1	37	23	39
1038	1	37	23	40
1039	1	37	23	41
1040	1	37	23	42
1041	1	38	16	38
1042	1	38	16	39
1043	1	38	16	40
1044	1	38	16	41
1045	1	38	16	42
1046	1	38	17	37
1047	1	38	17	38
1048	1	38	17	39
1049	1	38	17	40
1050	1	38	17	41
1051	1	38	17	42
1052	1	38	17	43
1053	1	38	18	36
1054	1	38	18	37
1055	1	38	18	38
1056	1	38	18	39
1057	1	38	18	40
1058	1	38	18	41
1059	1	38	18	42
1060	1	38	18	43
1061	1	38	18	44
1062	1	38	19	36
1063	1	38	19	37
1064	1	38	19	38
1065	1	38	19	39
1066	1	38	19	40
1067	1	38	19	41
1068	1	38	19	42
1069	1	38	19	43
1070	1	38	19	44
1071	1	38	20	36
1072	1	38	20	37
1073	1	38	20	38
1074	1	38	20	39
1075	1	38	20	40
1076	1	38	20	41
1077	1	38	20	42
1078	1	38	20	43
1079	1	38	20	44
1080	1	38	21	36
1081	1	38	21	37
1082	1	38	21	38
1083	1	38	21	39
1084	1	38	21	40
1085	1	38	21	41
1086	1	38	21	42
1087	1	38	21	43
1088	1	38	21	44
1089	1	38	22	36
1090	1	38	22	37
1091	1	38	22	38
1092	1	38	22	39
1093	1	38	22	40
1094	1	38	22	41
1095	1	38	22	42
1096	1	38	22	43
1097	1	38	22	44
1098	1	38	23	37
1099	1	38	23	38
1100	1	38	23	39
1101	1	38	23	40
1102	1	38	23	41
1103	1	38	23	42
1104	1	38	23	43
1105	1	38	24	38
1106	1	38	24	39
1107	1	38	24	40
1108	1	38	24	41
1109	1	38	24	42
1110	1	39	16	38
1111	1	39	16	39
1112	1	39	16	40
1113	1	39	16	41
1114	1	39	16	42
1115	1	39	17	37
1116	1	39	17	38
1117	1	39	17	39
1118	1	39	17	40
1119	1	39	17	41
1120	1	39	17	42
1121	1	39	17	43
1122	1	39	18	36
1123	1	39	18	37
1124	1	39	18	38
1125	1	39	18	39
1126	1	39	18	40
1127	1	39	18	41
1128	1	39	18	42
1129	1	39	18	43
1130	1	39	18	44
1131	1	39	19	36
1132	1	39	19	37
1133	1	39	19	38
1134	1	39	19	39
1135	1	39	19	40
1136	1	39	19	41
1137	1	39	19	42
1138	1	39	19	43
1139	1	39	19	44
1140	1	39	20	36
1141	1	39	20	37
1142	1	39	20	38
1143	1	39	20	39
1144	1	39	20	40
1145	1	39	20	41
1146	1	39	20	42
1147	1	39	20	43
1148	1	39	20	44
1149	1	39	21	36
1150	1	39	21	37
1151	1	39	21	38
1152	1	39	21	39
1153	1	39	21	40
1154	1	39	21	41
1155	1	39	21	42
1156	1	39	21	43
1157	1	39	21	44
1158	1	39	22	36
1159	1	39	22	37
1160	1	39	22	38
1161	1	39	22	39
1162	1	39	22	40
1163	1	39	22	41
1164	1	39	22	42
1165	1	39	22	43
1166	1	39	22	44
1167	1	39	23	37
1168	1	39	23	38
1169	1	39	23	39
1170	1	39	23	40
1171	1	39	23	41
1172	1	39	23	42
1173	1	39	23	43
1174	1	39	24	38
1175	1	39	24	39
1176	1	39	24	40
1177	1	39	24	41
1178	1	39	24	42
1179	1	40	16	38
1180	1	40	16	39
1181	1	40	16	40
1182	1	40	16	41
1183	1	40	16	42
1184	1	40	17	37
1185	1	40	17	38
1186	1	40	17	39
1187	1	40	17	40
1188	1	40	17	41
1189	1	40	17	42
1190	1	40	17	43
1191	1	40	18	36
1192	1	40	18	37
1193	1	40	18	38
1194	1	40	18	39
1195	1	40	18	40
1196	1	40	18	41
1197	1	40	18	42
1198	1	40	18	43
1199	1	40	18	44
1200	1	40	19	36
1201	1	40	19	37
1202	1	40	19	38
1203	1	40	19	39
1204	1	40	19	40
1205	1	40	19	41
1206	1	40	19	42
1207	1	40	19	43
1208	1	40	19	44
1209	1	40	20	36
1210	1	40	20	37
1211	1	40	20	38
1212	1	40	20	39
1213	1	40	20	40
1214	1	40	20	41
1215	1	40	20	42
1216	1	40	20	43
1217	1	40	20	44
1218	1	40	21	36
1219	1	40	21	37
1220	1	40	21	38
1221	1	40	21	39
1222	1	40	21	40
1223	1	40	21	41
1224	1	40	21	42
1225	1	40	21	43
1226	1	40	21	44
1227	1	40	22	36
1228	1	40	22	37
1229	1	40	22	38
1230	1	40	22	39
1231	1	40	22	40
1232	1	40	22	41
1233	1	40	22	42
1234	1	40	22	43
1235	1	40	22	44
1236	1	40	23	37
1237	1	40	23	38
1238	1	40	23	39
1239	1	40	23	40
1240	1	40	23	41
1241	1	40	23	42
1242	1	40	23	43
1243	1	40	24	38
1244	1	40	24	39
1245	1	40	24	40
1246	1	40	24	41
1247	1	40	24	42
1248	1	41	16	38
1249	1	41	16	39
1250	1	41	16	40
1251	1	41	16	41
1252	1	41	16	42
1253	1	41	17	37
1254	1	41	17	38
1255	1	41	17	39
1256	1	41	17	40
1257	1	41	17	41
1258	1	41	17	42
1259	1	41	17	43
1260	1	41	18	36
1261	1	41	18	37
1262	1	41	18	38
1263	1	41	18	39
1264	1	41	18	40
1265	1	41	18	41
1266	1	41	18	42
1267	1	41	18	43
1268	1	41	18	44
1269	1	41	19	36
1270	1	41	19	37
1271	1	41	19	38
1272	1	41	19	39
1273	1	41	19	40
1274	1	41	19	41
1275	1	41	19	42
1276	1	41	19	43
1277	1	41	19	44
1278	1	41	20	36
1279	1	41	20	37
1280	1	41	20	38
1281	1	41	20	39
1282	1	41	20	40
1283	1	41	20	41
1284	1	41	20	42
1285	1	41	20	43
1286	1	41	20	44
1287	1	41	21	36
1288	1	41	21	37
1289	1	41	21	38
1290	1	41	21	39
1291	1	41	21	40
1292	1	41	21	41
1293	1	41	21	42
1294	1	41	21	43
1295	1	41	21	44
1296	1	41	22	36
1297	1	41	22	37
1298	1	41	22	38
1299	1	41	22	39
1300	1	41	22	40
1301	1	41	22	41
1302	1	41	22	42
1303	1	41	22	43
1304	1	41	22	44
1305	1	41	23	37
1306	1	41	23	38
1307	1	41	23	39
1308	1	41	23	40
1309	1	41	23	41
1310	1	41	23	42
1311	1	41	23	43
1312	1	41	24	38
1313	1	41	24	39
1314	1	41	24	40
1315	1	41	24	41
1316	1	41	24	42
1317	1	42	16	38
1318	1	42	16	39
1319	1	42	16	40
1320	1	42	16	41
1321	1	42	16	42
1322	1	42	17	37
1323	1	42	17	38
1324	1	42	17	39
1325	1	42	17	40
1326	1	42	17	41
1327	1	42	17	42
1328	1	42	17	43
1329	1	42	18	36
1330	1	42	18	37
1331	1	42	18	38
1332	1	42	18	39
1333	1	42	18	40
1334	1	42	18	41
1335	1	42	18	42
1336	1	42	18	43
1337	1	42	18	44
1338	1	42	19	36
1339	1	42	19	37
1340	1	42	19	38
1341	1	42	19	39
1342	1	42	19	40
1343	1	42	19	41
1344	1	42	19	42
1345	1	42	19	43
1346	1	42	19	44
1347	1	42	20	36
1348	1	42	20	37
1349	1	42	20	38
1350	1	42	20	39
1351	1	42	20	40
1352	1	42	20	41
1353	1	42	20	42
1354	1	42	20	43
1355	1	42	20	44
1356	1	42	21	36
1357	1	42	21	37
1358	1	42	21	38
1359	1	42	21	39
1360	1	42	21	40
1361	1	42	21	41
1362	1	42	21	42
1363	1	42	21	43
1364	1	42	21	44
1365	1	42	22	36
1366	1	42	22	37
1367	1	42	22	38
1368	1	42	22	39
1369	1	42	22	40
1370	1	42	22	41
1371	1	42	22	42
1372	1	42	22	43
1373	1	42	22	44
1374	1	42	23	37
1375	1	42	23	38
1376	1	42	23	39
1377	1	42	23	40
1378	1	42	23	41
1379	1	42	23	42
1380	1	42	23	43
1381	1	42	24	38
1382	1	42	24	39
1383	1	42	24	40
1384	1	42	24	41
1385	1	42	24	42
1386	1	43	17	38
1387	1	43	17	39
1388	1	43	17	40
1389	1	43	17	41
1390	1	43	17	42
1391	1	43	18	37
1392	1	43	18	38
1393	1	43	18	39
1394	1	43	18	40
1395	1	43	18	41
1396	1	43	18	42
1397	1	43	18	43
1398	1	43	19	37
1399	1	43	19	38
1400	1	43	19	39
1401	1	43	19	40
1402	1	43	19	41
1403	1	43	19	42
1404	1	43	19	43
1405	1	43	20	37
1406	1	43	20	38
1407	1	43	20	39
1408	1	43	20	40
1409	1	43	20	41
1410	1	43	20	42
1411	1	43	20	43
1412	1	43	21	37
1413	1	43	21	38
1414	1	43	21	39
1415	1	43	21	40
1416	1	43	21	41
1417	1	43	21	42
1418	1	43	21	43
1419	1	43	22	37
1420	1	43	22	38
1421	1	43	22	39
1422	1	43	22	40
1423	1	43	22	41
1424	1	43	22	42
1425	1	43	22	43
1426	1	43	23	38
1427	1	43	23	39
1428	1	43	23	40
1429	1	43	23	41
1430	1	43	23	42
1431	1	44	18	38
1432	1	44	18	39
1433	1	44	18	40
1434	1	44	18	41
1435	1	44	18	42
1436	1	44	19	38
1437	1	44	19	39
1438	1	44	19	40
1439	1	44	19	41
1440	1	44	19	42
1441	1	44	20	38
1442	1	44	20	39
1443	1	44	20	40
1444	1	44	20	41
1445	1	44	20	42
1446	1	44	21	38
1447	1	44	21	39
1448	1	44	21	40
1449	1	44	21	41
1450	1	44	21	42
1451	1	44	22	38
1452	1	44	22	39
1453	1	44	22	40
1454	1	44	22	41
1455	1	44	22	42
971	1	16	38	38
972	1	16	38	39
973	1	16	38	40
974	1	16	38	41
975	1	16	38	42
976	1	16	39	38
977	1	16	39	39
978	1	16	39	40
979	1	16	39	41
980	1	16	39	42
981	1	16	40	38
982	1	16	40	39
983	1	16	40	40
984	1	16	40	41
985	1	16	40	42
986	1	16	41	38
987	1	16	41	39
988	1	16	41	40
989	1	16	41	41
990	1	16	41	42
991	1	16	42	38
992	1	16	42	39
993	1	16	42	40
994	1	16	42	41
995	1	16	42	42
996	1	17	37	38
997	1	17	37	39
998	1	17	37	40
999	1	17	37	41
1000	1	17	37	42
1001	1	17	38	37
1002	1	17	38	38
1003	1	17	38	39
1004	1	17	38	40
1005	1	17	38	41
1006	1	17	38	42
1007	1	17	38	43
1008	1	17	39	37
1009	1	17	39	38
1010	1	17	39	39
1011	1	17	39	40
1012	1	17	39	41
1013	1	17	39	42
1014	1	17	39	43
1015	1	17	40	37
1016	1	17	40	38
1017	1	17	40	39
1018	1	17	40	40
1019	1	17	40	41
1020	1	17	40	42
1021	1	17	40	43
1022	1	17	41	37
1023	1	17	41	38
1024	1	17	41	39
1025	1	17	41	40
1026	1	17	41	41
1027	1	17	41	42
1028	1	17	41	43
1029	1	17	42	37
1030	1	17	42	38
1031	1	17	42	39
1032	1	17	42	40
1033	1	17	42	41
1034	1	17	42	42
1035	1	17	42	43
1036	1	17	43	38
1037	1	17	43	39
1038	1	17	43	40
1039	1	17	43	41
1040	1	17	43	42
1041	1	18	36	38
1042	1	18	36	39
1043	1	18	36	40
1044	1	18	36	41
1045	1	18	36	42
1046	1	18	37	37
1047	1	18	37	38
1048	1	18	37	39
1049	1	18	37	40
1050	1	18	37	41
1051	1	18	37	42
1052	1	18	37	43
1053	1	18	38	36
1054	1	18	38	37
1055	1	18	38	38
1056	1	18	38	39
1057	1	18	38	40
1058	1	18	38	41
1059	1	18	38	42
1060	1	18	38	43
1061	1	18	38	44
1062	1	18	39	36
1063	1	18	39	37
1064	1	18	39	38
1065	1	18	39	39
1066	1	18	39	40
1067	1	18	39	41
1068	1	18	39	42
1069	1	18	39	43
1070	1	18	39	44
1071	1	18	40	36
1072	1	18	40	37
1073	1	18	40	38
1074	1	18	40	39
1075	1	18	40	40
1076	1	18	40	41
1077	1	18	40	42
1078	1	18	40	43
1079	1	18	40	44
1080	1	18	41	36
1081	1	18	41	37
1082	1	18	41	38
1083	1	18	41	39
1084	1	18	41	40
1085	1	18	41	41
1086	1	18	41	42
1087	1	18	41	43
1088	1	18	41	44
1089	1	18	42	36
1090	1	18	42	37
1091	1	18	42	38
1092	1	18	42	39
1093	1	18	42	40
1094	1	18	42	41
1095	1	18	42	42
1096	1	18	42	43
1097	1	18	42	44
1098	1	18	43	37
1099	1	18	43	38
1100	1	18	43	39
1101	1	18	43	40
1102	1	18	43	41
1103	1	18	43	42
1104	1	18	43	43
1105	1	18	44	38
1106	1	18	44	39
1107	1	18	44	40
1108	1	18	44	41
1109	1	18	44	42
1110	1	19	36	38
1111	1	19	36	39
1112	1	19	36	40
1113	1	19	36	41
1114	1	19	36	42
1115	1	19	37	37
1116	1	19	37	38
1117	1	19	37	39
1118	1	19	37	40
1119	1	19	37	41
1120	1	19	37	42
1121	1	19	37	43
1122	1	19	38	36
1123	1	19	38	37
1124	1	19	38	38
1125	1	19	38	39
1126	1	19	38	40
1127	1	19	38	41
1128	1	19	38	42
1129	1	19	38	43
1130	1	19	38	44
1131	1	19	39	36
1132	1	19	39	37
1133	1	19	39	38
1134	1	19	39	39
1135	1	19	39	40
1136	1	19	39	41
1137	1	19	39	42
1138	1	19	39	43
1139	1	19	39	44
1140	1	19	40	36
1141	1	19	40	37
1142	1	19	40	38
1143	1	19	40	39
1144	1	19	40	40
1145	1	19	40	41
1146	1	19	40	42
1147	1	19	40	43
1148	1	19	40	44
1149	1	19	41	36
1150	1	19	41	37
1151	1	19	41	38
1152	1	19	41	39
1153	1	19	41	40
1154	1	19	41	41
1155	1	19	41	42
1156	1	19	41	43
1157	1	19	41	44
1158	1	19	42	36
1159	1	19	42	37
1160	1	19	42	38
1161	1	19	42	39
1162	1	19	42	40
1163	1	19	42	41
1164	1	19	42	42
1165	1	19	42	43
1166	1	19	42	44
1167	1	19	43	37
1168	1	19	43	38
1169	1	19	43	39
1170	1	19	43	40
1171	1	19	43	41
1172	1	19	43	42
1173	1	19	43	43
1174	1	19	44	38
1175	1	19	44	39
1176	1	19	44	40
1177	1	19	44	41
1178	1	19	44	42
1179	1	20	36	38
1180	1	20	36	39
1181	1	20	36	40
1182	1	20	36	41
1183	1	20	36	42
1184	1	20	37	37
1185	1	20	37	38
1186	1	20	37	39
1187	1	20	37	40
1188	1	20	37	41
1189	1	20	37	42
1190	1	20	37	43
1191	1	20	38	36
1192	1	20	38	37
1193	1	20	38	38
1194	1	20	38	39
1195	1	20	38	40
1196	1	20	38	41
1197	1	20	38	42
1198	1	20	38	43
1199	1	20	38	44
1200	1	20	39	36
1201	1	20	39	37
1202	1	20	39	38
1203	1	20	39	39
1204	1	20	39	40
1205	1	20	39	41
1206	1	20	39	42
1207	1	20	39	43
1208	1	20	39	44
1209	1	20	40	36
1210	1	20	40	37
1211	1	20	40	38
1212	1	20	40	39
1213	1	20	40	40
1214	1	20	40	41
1215	1	20	40	42
1216	1	20	40	43
1217	1	20	40	44
1218	1	20	41	36
1219	1	20	41	37
1220	1	20	41	38
1221	1	20	41	39
1222	1	20	41	40
1223	1	20	41	41
1224	1	20	41	42
1225	1	20	41	43
1226	1	20	41	44
1227	1	20	42	36
1228	1	20	42	37
1229	1	20	42	38
1230	1	20	42	39
1231	1	20	42	40
1232	1	20	42	41
1233	1	20	42	42
1234	1	20	42	43
1235	1	20	42	44
1236	1	20	43	37
1237	1	20	43	38
1238	1	20	43	39
1239	1	20	43	40
1240	1	20	43	41
1241	1	20	43	42
1242	1	20	43	43
1243	1	20	44	38
1244	1	20	44	39
1245	1	20	44	40
1246	1	20	44	41
1247	1	20	44	42
1248	1	21	36	38
1249	1	21	36	39
1250	1	21	36	40
1251	1	21	36	41
1252	1	21	36	42
1253	1	21	37	37
1254	1	21	37	38
1255	1	21	37	39
1256	1	21	37	40
1257	1	21	37	41
1258	1	21	37	42
1259	1	21	37	43
1260	1	21	38	36
1261	1	21	38	37
1262	1	21	38	38
1263	1	21	38	39
1264	1	21	38	40
1265	1	21	38	41
1266	1	21	38	42
1267	1	21	38	43
1268	1	21	38	44
1269	1	21	39	36
1270	1	21	39	37
1271	1	21	39	38
1272	1	21	39	39
1273	1	21	39	40
1274	1	21	39	41
1275	1	21	39	42
1276	1	21	39	43
1277	1	21	39	44
1278	1	21	40	36
1279	1	21	40	37
1280	1	21	40	38
1281	1	21	40	39
1282	1	21	40	40
1283	1	21	40	41
1284	1	21	40	42
1285	1	21	40	43
1286	1	21	40	44
1287	1	21	41	36
1288	1	21	41	37
1289	1	21	41	38
1290	1	21	41	39
1291	1	21	41	40
1292	1	21	41	41
1293	1	21	41	42
1294	1	21	41	43
1295	1	21	41	44
1296	1	21	42	36
1297	1	21	42	37
1298	1	21	42	38
1299	1	21	42	39
1300	1	21	42	40
1301	1	21	42	41
1302	1	21	42	42
1303	1	21	42	43
1304	1	21	42	44
1305	1	21	43	37
1306	1	21	43	38
1307	1	21	43	39
1308	1	21	43	40
1309	1	21	43	41
1310	1	21	43	42
1311	1	21	43	43
1312	1	21	44	38
1313	1	21	44	39
1314	1	21	44	40
1315	1	21	44	41
1316	1	21	44	42
1317	1	22	36	38
1318	1	22	36	39
1319	1	22	36	40
1320	1	22	36	41
1321	1	22	36	42
1322	1	22	37	37
1323	1	22	37	38
1324	1	22	37	39
1325	1	22	37	40
1326	1	22	37	41
1327	1	22	37	42
1328	1	22	37	43
1329	1	22	38	36
1330	1	22	38	37
1331	1	22	38	38
1332	1	22	38	39
1333	1	22	38	40
1334	1	22	38	41
1335	1	22	38	42
1336	1	22	38	43
1337	1	22	38	44
1338	1	22	39	36
1339	1	22	39	37
1340	1	22	39	38
1341	1	22	39	39
1342	1	22	39	40
1343	1	22	39	41
1344	1	22	39	42
1345	1	22	39	43
1346	1	22	39	44
1347	1	22	40	36
1348	1	22	40	37
1349	1	22	40	38
1350	1	22	40	39
1351	1	22	40	40
1352	1	22	40	41
1353	1	22	40	42
1354	1	22	40	43
1355	1	22	40	44
1356	1	22	41	36
1357	1	22	41	37
1358	1	22	41	38
1359	1	22	41	39
1360	1	22	41	40
1361	1	22	41	41
1362	1	22	41	42
1363	1	22	41	43
1364	1	22	41	44
1365	1	22	42	36
1366	1	22	42	37
1367	1	22	42	38
1368	1	22	42	39
1369	1	22	42	40
1370	1	22	42	41
1371	1	22	42	42
1372	1	22	42	43
1373	1	22	42	44
1374	1	22	43	37
1375	1	22	43	38
1376	1	22	43	39
1377	1	22	43	40
1378	1	22	43	41
1379	1	22	43	42
1380	1	22	43	43
1381	1	22	44	38
1382	1	22	44	39
1383	1	22	44	40
1384	1	22	44	41
1385	1	22	44	42
1386	1	23	37	38
1387	1	23	37	39
1388	1	23	37	40
1389	1	23	37	41
1390	1	23	37	42
1391	1	23	38	37
1392	1	23	38	38
1393	1	23	38	39
1394	1	23	38	40
1395	1	23	38	41
1396	1	23	38	42
1397	1	23	38	43
1398	1	23	39	37
1399	1	23	39	38
1400	1	23	39	39
1401	1	23	39	40
1402	1	23	39	41
1403	1	23	39	42
1404	1	23	39	43
1405	1	23	40	37
1406	1	23	40	38
1407	1	23	40	39
1408	1	23	40	40
1409	1	23	40	41
1410	1	23	40	42
1411	1	23	40	43
1412	1	23	41	37
1413	1	23	41	38
1414	1	23	41	39
1415	1	23	41	40
1416	1	23	41	41
1417	1	23	41	42
1418	1	23	41	43
1419	1	23	42	37
1420	1	23	42	38
1421	1	23	42	39
1422	1	23	42	40
1423	1	23	42	41
1424	1	23	42	42
1425	1	23	42	43
1426	1	23	43	38
1427	1	23	43	39
1428	1	23	43	40
1429	1	23	43	41
1430	1	23	43	42
1431	1	24	38	38
1432	1	24	38	39
1433	1	24	38	40
1434	1	24	38	41
1435	1	24	38	42
1436	1	24	39	38
1437	1	24	39	39
1438	1	24	39	40
1439	1	24	39	41
1440	1	24	39	42
1441	1	24	40	38
1442	1	24	40	39
1443	1	24	40	40
1444	1	24	40	41
1445	1	24	40	42
1446	1	24	41	38
1447	1	24	41	39
1448	1	24	41	40
1449	1	24	41	41
1450	1	24	41	42
1451	1	24	42	38
1452	1	24	42	39
1453	1	24	42	40
1454	1	24	42	41
1455	1	24	42	42
1456	1	36	38	38
1457	1	36	38	39
1458	1	36	38	40
1459	1	36	38	41
1460	1	36	38	42
1461	1	36	39	38
1462	1	36	39	39
1463	1	36	39	40
1464	1	36	39	41
1465	1	36	39	42
1466	1	36	40	38
1467	1	36	40	39
1468	1	36	40	40
1469	1	36	40	41
1470	1	36	40	42
1471	1	36	41	38
1472	1	36	41	39
1473	1	36	41	40
1474	1	36	41	41
1475	1	36	41	42
1476	1	36	42	38
1477	1	36	42	39
1478	1	36	42	40
1479	1	36	42	41
1480	1	36	42	42
1481	1	37	37	38
1482	1	37	37	39
1483	1	37	37	40
1484	1	37	37	41
1485	1	37	37	42
1486	1	37	38	37
1487	1	37	38	38
1488	1	37	38	39
1489	1	37	38	40
1490	1	37	38	41
1491	1	37	38	42
1492	1	37	38	43
1493	1	37	39	37
1494	1	37	39	38
1495	1	37	39	39
1496	1	37	39	40
1497	1	37	39	41
1498	1	37	39	42
1499	1	37	39	43
1500	1	37	40	37
1501	1	37	40	38
1502	1	37	40	39
1503	1	37	40	40
1504	1	37	40	41
1505	1	37	40	42
1506	1	37	40	43
1507	1	37	41	37
1508	1	37	41	38
1509	1	37	41	39
1510	1	37	41	40
1511	1	37	41	41
1512	1	37	41	42
1513	1	37	41	43
1514	1	37	42	37
1515	1	37	42	38
1516	1	37	42	39
1517	1	37	42	40
1518	1	37	42	41
1519	1	37	42	42
1520	1	37	42	43
1521	1	37	43	38
1522	1	37	43	39
1523	1	37	43	40
1524	1	37	43	41
1525	1	37	43	42
1526	1	38	36	38
1527	1	38	36	39
1528	1	38	36	40
1529	1	38	36	41
1530	1	38	36	42
1531	1	38	37	37
1532	1	38	37	38
1533	1	38	37	39
1534	1	38	37	40
1535	1	38	37	41
1536	1	38	37	42
1537	1	38	37	43
1538	1	38	38	36
1539	1	38	38	37
1540	1	38	38	38
1541	1	38	38	39
1542	1	38	38	40
1543	1	38	38	41
1544	1	38	38	42
1545	1	38	38	43
1546	1	38	38	44
1547	1	38	39	36
1548	1	38	39	37
1549	1	38	39	38
1550	1	38	39	39
1551	1	38	39	40
1552	1	38	39	41
1553	1	38	39	42
1554	1	38	39	43
1555	1	38	39	44
1556	1	38	40	36
1557	1	38	40	37
1558	1	38	40	38
1559	1	38	40	39
1560	1	38	40	40
1561	1	38	40	41
1562	1	38	40	42
1563	1	38	40	43
1564	1	38	40	44
1565	1	38	41	36
1566	1	38	41	37
1567	1	38	41	38
1568	1	38	41	39
1569	1	38	41	40
1570	1	38	41	41
1571	1	38	41	42
1572	1	38	41	43
1573	1	38	41	44
1574	1	38	42	36
1575	1	38	42	37
1576	1	38	42	38
1577	1	38	42	39
1578	1	38	42	40
1579	1	38	42	41
1580	1	38	42	42
1581	1	38	42	43
1582	1	38	42	44
1583	1	38	43	37
1584	1	38	43	38
1585	1	38	43	39
1586	1	38	43	40
1587	1	38	43	41
1588	1	38	43	42
1589	1	38	43	43
1590	1	38	44	38
1591	1	38	44	39
1592	1	38	44	40
1593	1	38	44	41
1594	1	38	44	42
1595	1	39	36	38
1596	1	39	36	39
1597	1	39	36	40
1598	1	39	36	41
1599	1	39	36	42
1600	1	39	37	37
1601	1	39	37	38
1602	1	39	37	39
1603	1	39	37	40
1604	1	39	37	41
1605	1	39	37	42
1606	1	39	37	43
1607	1	39	38	36
1608	1	39	38	37
1609	1	39	38	38
1610	1	39	38	39
1611	1	39	38	40
1612	1	39	38	41
1613	1	39	38	42
1614	1	39	38	43
1615	1	39	38	44
1616	1	39	39	36
1617	1	39	39	37
1618	1	39	39	38
1619	1	39	39	39
1620	1	39	39	40
1621	1	39	39	41
1622	1	39	39	42
1623	1	39	39	43
1624	1	39	39	44
1625	1	39	40	36
1626	1	39	40	37
1627	1	39	40	38
1628	1	39	40	39
1629	1	39	40	40
1630	1	39	40	41
1631	1	39	40	42
1632	1	39	40	43
1633	1	39	40	44
1634	1	39	41	36
1635	1	39	41	37
1636	1	39	41	38
1637	1	39	41	39
1638	1	39	41	40
1639	1	39	41	41
1640	1	39	41	42
1641	1	39	41	43
1642	1	39	41	44
1643	1	39	42	36
1644	1	39	42	37
1645	1	39	42	38
1646	1	39	42	39
1647	1	39	42	40
1648	1	39	42	41
1649	1	39	42	42
1650	1	39	42	43
1651	1	39	42	44
1652	1	39	43	37
1653	1	39	43	38
1654	1	39	43	39
1655	1	39	43	40
1656	1	39	43	41
1657	1	39	43	42
1658	1	39	43	43
1659	1	39	44	38
1660	1	39	44	39
1661	1	39	44	40
1662	1	39	44	41
1663	1	39	44	42
1664	1	40	36	38
1665	1	40	36	39
1666	1	40	36	40
1667	1	40	36	41
1668	1	40	36	42
1669	1	40	37	37
1670	1	40	37	38
1671	1	40	37	39
1672	1	40	37	40
1673	1	40	37	41
1674	1	40	37	42
1675	1	40	37	43
1676	1	40	38	36
1677	1	40	38	37
1678	1	40	38	38
1679	1	40	38	39
1680	1	40	38	40
1681	1	40	38	41
1682	1	40	38	42
1683	1	40	38	43
1684	1	40	38	44
1685	1	40	39	36
1686	1	40	39	37
1687	1	40	39	38
1688	1	40	39	39
1689	1	40	39	40
1690	1	40	39	41
1691	1	40	39	42
1692	1	40	39	43
1693	1	40	39	44
1694	1	40	40	36
1695	1	40	40	37
1696	1	40	40	38
1697	1	40	40	39
1698	1	40	40	40
1699	1	40	40	41
1700	1	40	40	42
1701	1	40	40	43
1702	1	40	40	44
1703	1	40	41	36
1704	1	40	41	37
1705	1	40	41	38
1706	1	40	41	39
1707	1	40	41	40
1708	1	40	41	41
1709	1	40	41	42
1710	1	40	41	43
1711	1	40	41	44
1712	1	40	42	36
1713	1	40	42	37
1714	1	40	42	38
1715	1	40	42	39
1716	1	40	42	40
1717	1	40	42	41
1718	1	40	42	42
1719	1	40	42	43
1720	1	40	42	44
1721	1	40	43	37
1722	1	40	43	38
1723	1	40	43	39
1724	1	40	43	40
1725	1	40	43	41
1726	1	40	43	42
1727	1	40	43	43
1728	1	40	44	38
1729	1	40	44	39
1730	1	40	44	40
1731	1	40	44	41
1732	1	40	44	42
1733	1	41	36	38
1734	1	41	36	39
1735	1	41	36	40
1736	1	41	36	41
1737	1	41	36	42
1738	1	41	37	37
1739	1	41	37	38
1740	1	41	37	39
1741	1	41	37	40
1742	1	41	37	41
1743	1	41	37	42
1744	1	41	37	43
1745	1	41	38	36
1746	1	41	38	37
1747	1	41	38	38
1748	1	41	38	39
1749	1	41	38	40
1750	1	41	38	41
1751	1	41	38	42
1752	1	41	38	43
1753	1	41	38	44
1754	1	41	39	36
1755	1	41	39	37
1756	1	41	39	38
1757	1	41	39	39
1758	1	41	39	40
1759	1	41	39	41
1760	1	41	39	42
1761	1	41	39	43
1762	1	41	39	44
1763	1	41	40	36
1764	1	41	40	37
1765	1	41	40	38
1766	1	41	40	39
1767	1	41	40	40
1768	1	41	40	41
1769	1	41	40	42
1770	1	41	40	43
1771	1	41	40	44
1772	1	41	41	36
1773	1	41	41	37
1774	1	41	41	38
1775	1	41	41	39
1776	1	41	41	40
1777	1	41	41	41
1778	1	41	41	42
1779	1	41	41	43
1780	1	41	41	44
1781	1	41	42	36
1782	1	41	42	37
1783	1	41	42	38
1784	1	41	42	39
1785	1	41	42	40
1786	1	41	42	41
1787	1	41	42	42
1788	1	41	42	43
1789	1	41	42	44
1790	1	41	43	37
1791	1	41	43	38
1792	1	41	43	39
1793	1	41	43	40
1794	1	41	43	41
1795	1	41	43	42
1796	1	41	43	43
1797	1	41	44	38
1798	1	41	44	39
1799	1	41	44	40
1800	1	41	44	41
1801	1	41	44	42
1802	1	42	36	38
1803	1	42	36	39
1804	1	42	36	40
1805	1	42	36	41
1806	1	42	36	42
1807	1	42	37	37
1808	1	42	37	38
1809	1	42	37	39
1810	1	42	37	40
1811	1	42	37	41
1812	1	42	37	42
1813	1	42	37	43
1814	1	42	38	36
1815	1	42	38	37
1816	1	42	38	38
1817	1	42	38	39
1818	1	42	38	40
1819	1	42	38	41
1820	1	42	38	42
1821	1	42	38	43
1822	1	42	38	44
1823	1	42	39	36
1824	1	42	39	37
1825	1	42	39	38
1826	1	42	39	39
1827	1	42	39	40
1828	1	42	39	41
1829	1	42	39	42
1830	1	42	39	43
1831	1	42	39	44
1832	1	42	40	36
1833	1	42	40	37
1834	1	42	40	38
1835	1	42	40	39
1836	1	42	40	40
1837	1	42	40	41
1838	1	42	40	42
1839	1	42	40	43
1840	1	42	40	44
1841	1	42	41	36
1842	1	42	41	37
1843	1	42	41	38
1844	1	42	41	39
1845	1	42	41	40
1846	1	42	41	41
1847	1	42	41	42
1848	1	42	41	43
1849	1	42	41	44
1850	1	42	42	36
1851	1	42	42	37
1852	1	42	42	38
1853	1	42	42	39
1854	1	42	42	40
1855	1	42	42	41
1856	1	42	42	42
1857	1	42	42	43
1858	1	42	42	44
1859	1	42	43	37
1860	1	42	43	38
1861	1	42	43	39
1862	1	42	43	40
1863	1	42	43	41
1864	1	42	43	42
1865	1	42	43	43
1866	1	42	44	38
1867	1	42	44	39
1868	1	42	44	40
1869	1	42	44	41
1870	1	42	44	42
1871	1	43	37	38
1872	1	43	37	39
1873	1	43	37	40
1874	1	43	37	41
1875	1	43	37	42
1876	1	43	38	37
1877	1	43	38	38
1878	1	43	38	39
1879	1	43	38	40
1880	1	43	38	41
1881	1	43	38	42
1882	1	43	38	43
1883	1	43	39	37
1884	1	43	39	38
1885	1	43	39	39
1886	1	43	39	40
1887	1	43	39	41
1888	1	43	39	42
1889	1	43	39	43
1890	1	43	40	37
1891	1	43	40	38
1892	1	43	40	39
1893	1	43	40	40
1894	1	43	40	41
1895	1	43	40	42
1896	1	43	40	43
1897	1	43	41	37
1898	1	43	41	38
1899	1	43	41	39
1900	1	43	41	40
1901	1	43	41	41
1902	1	43	41	42
1903	1	43	41	43
1904	1	43	42	37
1905	1	43	42	38
1906	1	43	42	39
1907	1	43	42	40
1908	1	43	42	41
1909	1	43	42	42
1910	1	43	42	43
1911	1	43	43	38
1912	1	43	43	39
1913	1	43	43	40
1914	1	43	43	41
1915	1	43	43	42
1916	1	44	38	38
1917	1	44	38	39
1918	1	44	38	40
1919	1	44	38	41
1920	1	44	38	42
1921	1	44	39	38
1922	1	44	39	39
1923	1	44	39	40
1924	1	44	39	41
1925	1	44	39	42
1926	1	44	40	38
1927	1	44	40	39
1928	1	44	40	40
1929	1	44	40	41
1930	1	44	40	42
1931	1	44	41	38
1932	1	44	41	39
1933	1	44	41	40
1934	1	44	41	41
1935	1	44	41	42
1936	1	44	42	38
1937	1	44	42	39
1938	1	44	42	40
1939	1	44	42	41
1940	1	44	42	42
