1.E-07,
250,
  1.5256903    0.6319616    4.7194167    0.50000
  0.6319616    1.5256903    4.7194167    0.50000
  2.6090461    0.5189715    4.2336210    0.50000
  2.2118425    1.4779059    4.2336210    0.50000
  1.4779059    2.2118425    4.2336210    0.50000
  0.5189715    2.6090461    4.2336210    0.50000
  3.4920056    0.5530794    3.5355339    0.50000
  3.1501838    1.6050988    3.5355339    0.50000
  2.5000000    2.5000000    3.5355339    0.50000
  1.6050988    3.1501838    3.5355339    0.50000
  0.5530794    3.4920056    3.5355339    0.50000
  4.1974018    0.5525984    2.6601604    0.50000
  3.9113558    1.6201366    2.6601604    0.50000
  3.3587574    2.5772652    2.6601604    0.50000
  2.5772652    3.3587574    2.6601604    0.50000
  1.6201366    3.9113558    2.6601604    0.50000
  0.5525984    4.1974018    2.6601604    0.50000
  4.6897420    0.5284070    1.6513953    0.50000
  4.4545787    1.5587245    1.6513953    0.50000
  3.9960443    2.5108810    1.6513953    0.50000
  3.3371315    3.3371315    1.6513953    0.50000
  2.5108810    3.9960443    1.6513953    0.50000
  1.5587245    4.4545787    1.6513953    0.50000
  0.5284070    4.6897420    1.6513953    0.50000
  4.9373198    0.5563023    0.5598224    0.50000
  4.6897420    1.6410117    0.5598224    0.50000
  4.2070009    2.6434339    0.5598224    0.50000
  3.5133032    3.5133032    0.5598224    0.50000
  2.6434339    4.2070009    0.5598224    0.50000
  1.6410117    4.6897420    0.5598224    0.50000
  0.5563023    4.9373198    0.5598224    0.50000
 -1.5256903    0.6319616    4.7194167    0.50000
 -0.6319616    1.5256903    4.7194167    0.50000
 -2.6090461    0.5189715    4.2336210    0.50000
 -2.2118425    1.4779059    4.2336210    0.50000
 -1.4779059    2.2118425    4.2336210    0.50000
 -0.5189715    2.6090461    4.2336210    0.50000
 -3.4920056    0.5530794    3.5355339    0.50000
 -3.1501838    1.6050988    3.5355339    0.50000
 -2.5000000    2.5000000    3.5355339    0.50000
 -1.6050988    3.1501838    3.5355339    0.50000
 -0.5530794    3.4920056    3.5355339    0.50000
 -4.1974018    0.5525984    2.6601604    0.50000
 -3.9113558    1.6201366    2.6601604    0.50000
 -3.3587574    2.5772652    2.6601604    0.50000
 -2.5772652    3.3587574    2.6601604    0.50000
 -1.6201366    3.9113558    2.6601604    0.50000
 -0.5525984    4.1974018    2.6601604    0.50000
 -4.6897420    0.5284070    1.6513953    0.50000
 -4.4545787    1.5587245    1.6513953    0.50000
 -3.9960443    2.5108810    1.6513953    0.50000
 -3.3371315    3.3371315    1.6513953    0.50000
 -2.5108810    3.9960443    1.6513953    0.50000
 -1.5587245    4.4545787    1.6513953    0.50000
 -0.5284070    4.6897420    1.6513953    0.50000
 -4.9373198    0.5563023    0.5598224    0.50000
 -4.6897420    1.6410117    0.5598224    0.50000
 -4.2070009    2.6434339    0.5598224    0.50000
 -3.5133032    3.5133032    0.5598224    0.50000
 -2.6434339    4.2070009    0.5598224    0.50000
 -1.6410117    4.6897420    0.5598224    0.50000
 -0.5563023    4.9373198    0.5598224    0.50000
  1.5256903   -0.6319616    4.7194167    0.50000
  0.6319616   -1.5256903    4.7194167    0.50000
  2.6090461   -0.5189715    4.2336210    0.50000
  2.2118425   -1.4779059    4.2336210    0.50000
  1.4779059   -2.2118425    4.2336210    0.50000
  0.5189715   -2.6090461    4.2336210    0.50000
  3.4920056   -0.5530794    3.5355339    0.50000
  3.1501838   -1.6050988    3.5355339    0.50000
  2.5000000   -2.5000000    3.5355339    0.50000
  1.6050988   -3.1501838    3.5355339    0.50000
  0.5530794   -3.4920056    3.5355339    0.50000
  4.1974018   -0.5525984    2.6601604    0.50000
  3.9113558   -1.6201366    2.6601604    0.50000
  3.3587574   -2.5772652    2.6601604    0.50000
  2.5772652   -3.3587574    2.6601604    0.50000
  1.6201366   -3.9113558    2.6601604    0.50000
  0.5525984   -4.1974018    2.6601604    0.50000
  4.6897420   -0.5284070    1.6513953    0.50000
  4.4545787   -1.5587245    1.6513953    0.50000
  3.9960443   -2.5108810    1.6513953    0.50000
  3.3371315   -3.3371315    1.6513953    0.50000
  2.5108810   -3.9960443    1.6513953    0.50000
  1.5587245   -4.4545787    1.6513953    0.50000
  0.5284070   -4.6897420    1.6513953    0.50000
  4.9373198   -0.5563023    0.5598224    0.50000
  4.6897420   -1.6410117    0.5598224    0.50000
  4.2070009   -2.6434339    0.5598224    0.50000
  3.5133032   -3.5133032    0.5598224    0.50000
  2.6434339   -4.2070009    0.5598224    0.50000
  1.6410117   -4.6897420    0.5598224    0.50000
  0.5563023   -4.9373198    0.5598224    0.50000
 -1.5256903   -0.6319616    4.7194167    0.50000
 -0.6319616   -1.5256903    4.7194167    0.50000
 -2.6090461   -0.5189715    4.2336210    0.50000
 -2.2118425   -1.4779059    4.2336210    0.50000
 -1.4779059   -2.2118425    4.2336210    0.50000
 -0.5189715   -2.6090461    4.2336210    0.50000
 -3.4920056   -0.5530794    3.5355339    0.50000
 -3.1501838   -1.6050988    3.5355339    0.50000
 -2.5000000   -2.5000000    3.5355339    0.50000
 -1.6050988   -3.1501838    3.5355339    0.50000
 -0.5530794   -3.4920056    3.5355339    0.50000
 -4.1974018   -0.5525984    2.6601604    0.50000
 -3.9113558   -1.6201366    2.6601604    0.50000
 -3.3587574   -2.5772652    2.6601604    0.50000
 -2.5772652   -3.3587574    2.6601604    0.50000
 -1.6201366   -3.9113558    2.6601604    0.50000
 -0.5525984   -4.1974018    2.6601604    0.50000
 -4.6897420   -0.5284070    1.6513953    0.50000
 -4.4545787   -1.5587245    1.6513953    0.50000
 -3.9960443   -2.5108810    1.6513953    0.50000
 -3.3371315   -3.3371315    1.6513953    0.50000
 -2.5108810   -3.9960443    1.6513953    0.50000
 -1.5587245   -4.4545787    1.6513953    0.50000
 -0.5284070   -4.6897420    1.6513953    0.50000
 -4.9373198   -0.5563023    0.5598224    0.50000
 -4.6897420   -1.6410117    0.5598224    0.50000
 -4.2070009   -2.6434339    0.5598224    0.50000
 -3.5133032   -3.5133032    0.5598224    0.50000
 -2.6434339   -4.2070009    0.5598224    0.50000
 -1.6410117   -4.6897420    0.5598224    0.50000
 -0.5563023   -4.9373198    0.5598224    0.50000
  1.5256903    0.6319616   -4.7194167    0.50000
  0.6319616    1.5256903   -4.7194167    0.50000
  2.6090461    0.5189715   -4.2336210    0.50000
  2.2118425    1.4779059   -4.2336210    0.50000
  1.4779059    2.2118425   -4.2336210    0.50000
  0.5189715    2.6090461   -4.2336210    0.50000
  3.4920056    0.5530794   -3.5355339    0.50000
  3.1501838    1.6050988   -3.5355339    0.50000
  2.5000000    2.5000000   -3.5355339    0.50000
  1.6050988    3.1501838   -3.5355339    0.50000
  0.5530794    3.4920056   -3.5355339    0.50000
  4.1974018    0.5525984   -2.6601604    0.50000
  3.9113558    1.6201366   -2.6601604    0.50000
  3.3587574    2.5772652   -2.6601604    0.50000
  2.5772652    3.3587574   -2.6601604    0.50000
  1.6201366    3.9113558   -2.6601604    0.50000
  0.5525984    4.1974018   -2.6601604    0.50000
  4.6897420    0.5284070   -1.6513953    0.50000
  4.4545787    1.5587245   -1.6513953    0.50000
  3.9960443    2.5108810   -1.6513953    0.50000
  3.3371315    3.3371315   -1.6513953    0.50000
  2.5108810    3.9960443   -1.6513953    0.50000
  1.5587245    4.4545787   -1.6513953    0.50000
  0.5284070    4.6897420   -1.6513953    0.50000
  4.9373198    0.5563023   -0.5598224    0.50000
  4.6897420    1.6410117   -0.5598224    0.50000
  4.2070009    2.6434339   -0.5598224    0.50000
  3.5133032    3.5133032   -0.5598224    0.50000
  2.6434339    4.2070009   -0.5598224    0.50000
  1.6410117    4.6897420   -0.5598224    0.50000
  0.5563023    4.9373198   -0.5598224    0.50000
 -1.5256903    0.6319616   -4.7194167    0.50000
 -0.6319616    1.5256903   -4.7194167    0.50000
 -2.6090461    0.5189715   -4.2336210    0.50000
 -2.2118425    1.4779059   -4.2336210    0.50000
 -1.4779059    2.2118425   -4.2336210    0.50000
 -0.5189715    2.6090461   -4.2336210    0.50000
 -3.4920056    0.5530794   -3.5355339    0.50000
 -3.1501838    1.6050988   -3.5355339    0.50000
 -2.5000000    2.5000000   -3.5355339    0.50000
 -1.6050988    3.1501838   -3.5355339    0.50000
 -0.5530794    3.4920056   -3.5355339    0.50000
 -4.1974018    0.5525984   -2.6601604    0.50000
 -3.9113558    1.6201366   -2.6601604    0.50000
 -3.3587574    2.5772652   -2.6601604    0.50000
 -2.5772652    3.3587574   -2.6601604    0.50000
 -1.6201366    3.9113558   -2.6601604    0.50000
 -0.5525984    4.1974018   -2.6601604    0.50000
 -4.6897420    0.5284070   -1.6513953    0.50000
 -4.4545787    1.5587245   -1.6513953    0.50000
 -3.9960443    2.5108810   -1.6513953    0.50000
 -3.3371315    3.3371315   -1.6513953    0.50000
 -2.5108810    3.9960443   -1.6513953    0.50000
 -1.5587245    4.4545787   -1.6513953    0.50000
 -0.5284070    4.6897420   -1.6513953    0.50000
 -4.9373198    0.5563023   -0.5598224    0.50000
 -4.6897420    1.6410117   -0.5598224    0.50000
 -4.2070009    2.6434339   -0.5598224    0.50000
 -3.5133032    3.5133032   -0.5598224    0.50000
 -2.6434339    4.2070009   -0.5598224    0.50000
 -1.6410117    4.6897420   -0.5598224    0.50000
 -0.5563023    4.9373198   -0.5598224    0.50000
  1.5256903   -0.6319616   -4.7194167    0.50000
  0.6319616   -1.5256903   -4.7194167    0.50000
  2.6090461   -0.5189715   -4.2336210    0.50000
  2.2118425   -1.4779059   -4.2336210    0.50000
  1.4779059   -2.2118425   -4.2336210    0.50000
  0.5189715   -2.6090461   -4.2336210    0.50000
  3.4920056   -0.5530794   -3.5355339    0.50000
  3.1501838   -1.6050988   -3.5355339    0.50000
  2.5000000   -2.5000000   -3.5355339    0.50000
  1.6050988   -3.1501838   -3.5355339    0.50000
  0.5530794   -3.4920056   -3.5355339    0.50000
  4.1974018   -0.5525984   -2.6601604    0.50000
  3.9113558   -1.6201366   -2.6601604    0.50000
  3.3587574   -2.5772652   -2.6601604    0.50000
  2.5772652   -3.3587574   -2.6601604    0.50000
  1.6201366   -3.9113558   -2.6601604    0.50000
  0.5525984   -4.1974018   -2.6601604    0.50000
  4.6897420   -0.5284070   -1.6513953    0.50000
  4.4545787   -1.5587245   -1.6513953    0.50000
  3.9960443   -2.5108810   -1.6513953    0.50000
  3.3371315   -3.3371315   -1.6513953    0.50000
  2.5108810   -3.9960443   -1.6513953    0.50000
  1.5587245   -4.4545787   -1.6513953    0.50000
  0.5284070   -4.6897420   -1.6513953    0.50000
  4.9373198   -0.5563023   -0.5598224    0.50000
  4.6897420   -1.6410117   -0.5598224    0.50000
  4.2070009   -2.6434339   -0.5598224    0.50000
  3.5133032   -3.5133032   -0.5598224    0.50000
  2.6434339   -4.2070009   -0.5598224    0.50000
  1.6410117   -4.6897420   -0.5598224    0.50000
  0.5563023   -4.9373198   -0.5598224    0.50000
 -1.5256903   -0.6319616   -4.7194167    0.50000
 -0.6319616   -1.5256903   -4.7194167    0.50000
 -2.6090461   -0.5189715   -4.2336210    0.50000
 -2.2118425   -1.4779059   -4.2336210    0.50000
 -1.4779059   -2.2118425   -4.2336210    0.50000
 -0.5189715   -2.6090461   -4.2336210    0.50000
 -3.4920056   -0.5530794   -3.5355339    0.50000
 -3.1501838   -1.6050988   -3.5355339    0.50000
 -2.5000000   -2.5000000   -3.5355339    0.50000
 -1.6050988   -3.1501838   -3.5355339    0.50000
 -0.5530794   -3.4920056   -3.5355339    0.50000
 -4.1974018   -0.5525984   -2.6601604    0.50000
 -3.9113558   -1.6201366   -2.6601604    0.50000
 -3.3587574   -2.5772652   -2.6601604    0.50000
 -2.5772652   -3.3587574   -2.6601604    0.50000
 -1.6201366   -3.9113558   -2.6601604    0.50000
 -0.5525984   -4.1974018   -2.6601604    0.50000
 -4.6897420   -0.5284070   -1.6513953    0.50000
 -4.4545787   -1.5587245   -1.6513953    0.50000
 -3.9960443   -2.5108810   -1.6513953    0.50000
 -3.3371315   -3.3371315   -1.6513953    0.50000
 -2.5108810   -3.9960443   -1.6513953    0.50000
 -1.5587245   -4.4545787   -1.6513953    0.50000
 -0.5284070   -4.6897420   -1.6513953    0.50000
 -4.9373198   -0.5563023   -0.5598224    0.50000
 -4.6897420   -1.6410117   -0.5598224    0.50000
 -4.2070009   -2.6434339   -0.5598224    0.50000
 -3.5133032   -3.5133032   -0.5598224    0.50000
 -2.6434339   -4.2070009   -0.5598224    0.50000
 -1.6410117   -4.6897420   -0.5598224    0.50000
 -0.5563023   -4.9373198   -0.5598224    0.50000
  0.0000000    0.0000000    5.0000000    0.50000
  0.0000000    0.0000000   -5.0000000    0.50000
