15	1	2	0	6	8	3.125
16	1	2	0	6	9	3.125
17	1	2	0	6	10	3.125
18	1	2	0	6	11	3.125
19	1	2	0	6	12	3.125
25	1	2	0	7	7	3.125
26	1	2	0	7	8	3.125
27	1	2	0	7	9	3.125
28	1	2	0	7	10	3.125
29	1	2	0	7	11	3.125
30	1	2	0	7	12	3.125
31	1	2	0	7	13	3.125
35	1	2	0	8	6	3.125
36	1	2	0	8	7	3.125
37	1	2	0	8	8	3.125
38	1	2	0	8	9	3.125
39	1	2	0	8	10	3.125
40	1	2	0	8	11	3.125
41	1	2	0	8	12	3.125
42	1	2	0	8	13	3.125
43	1	2	0	8	14	3.125
46	1	2	0	9	6	3.125
47	1	2	0	9	7	3.125
48	1	2	0	9	8	3.125
49	1	2	0	9	9	3.125
50	1	2	0	9	10	3.125
51	1	2	0	9	11	3.125
52	1	2	0	9	12	3.125
53	1	2	0	9	13	3.125
54	1	2	0	9	14	3.125
57	1	2	0	10	6	3.125
58	1	2	0	10	7	3.125
59	1	2	0	10	8	3.125
60	1	2	0	10	9	3.125
61	1	2	0	10	10	3.125
62	1	2	0	10	11	3.125
63	1	2	0	10	12	3.125
64	1	2	0	10	13	3.125
65	1	2	0	10	14	3.125
68	1	2	0	11	6	3.125
69	1	2	0	11	7	3.125
70	1	2	0	11	8	3.125
71	1	2	0	11	9	3.125
72	1	2	0	11	10	3.125
73	1	2	0	11	11	3.125
74	1	2	0	11	12	3.125
75	1	2	0	11	13	3.125
76	1	2	0	11	14	3.125
79	1	2	0	12	6	3.125
80	1	2	0	12	7	3.125
81	1	2	0	12	8	3.125
82	1	2	0	12	9	3.125
83	1	2	0	12	10	3.125
84	1	2	0	12	11	3.125
85	1	2	0	12	12	3.125
86	1	2	0	12	13	3.125
87	1	2	0	12	14	3.125
91	1	2	0	13	7	3.125
92	1	2	0	13	8	3.125
93	1	2	0	13	9	3.125
94	1	2	0	13	10	3.125
95	1	2	0	13	11	3.125
96	1	2	0	13	12	3.125
97	1	2	0	13	13	3.125
103	1	2	0	14	8	3.125
104	1	2	0	14	9	3.125
105	1	2	0	14	10	3.125
106	1	2	0	14	11	3.125
107	1	2	0	14	12	3.125
125	1	2	0	5	8	4.125
126	1	2	0	5	9	4.125
127	1	2	0	5	10	4.125
128	1	2	0	5	11	4.125
129	1	2	0	5	12	4.125
134	1	2	0	6	6	4.125
135	1	2	0	6	7	4.125
136	1	3	0	6	8	4.125
137	1	3	0	6	9	4.125
138	1	3	0	6	10	4.125
139	1	3	0	6	11	4.125
140	1	3	0	6	12	4.125
141	1	2	0	6	13	4.125
142	1	2	0	6	14	4.125
145	1	2	0	7	6	4.125
146	1	3	0	7	7	4.125
147	1	3	0	7	8	4.125
148	1	3	0	7	9	4.125
149	1	3	0	7	10	4.125
150	1	3	0	7	11	4.125
151	1	3	0	7	12	4.125
152	1	3	0	7	13	4.125
153	1	2	0	7	14	4.125
155	1	2	0	8	5	4.125
156	1	3	0	8	6	4.125
157	1	3	0	8	7	4.125
158	1	3	0	8	8	4.125
159	1	3	0	8	9	4.125
160	1	3	0	8	10	4.125
161	1	3	0	8	11	4.125
162	1	3	0	8	12	4.125
163	1	3	0	8	13	4.125
164	1	3	0	8	14	4.125
165	1	2	0	8	15	4.125
166	1	2	0	9	5	4.125
167	1	3	0	9	6	4.125
168	1	3	0	9	7	4.125
169	1	3	0	9	8	4.125
170	1	3	0	9	9	4.125
171	1	3	0	9	10	4.125
172	1	3	0	9	11	4.125
173	1	3	0	9	12	4.125
174	1	3	0	9	13	4.125
175	1	3	0	9	14	4.125
176	1	2	0	9	15	4.125
177	1	2	0	10	5	4.125
178	1	3	0	10	6	4.125
179	1	3	0	10	7	4.125
180	1	3	0	10	8	4.125
181	1	3	0	10	9	4.125
182	1	3	0	10	10	4.125
183	1	3	0	10	11	4.125
184	1	3	0	10	12	4.125
185	1	3	0	10	13	4.125
186	1	3	0	10	14	4.125
187	1	2	0	10	15	4.125
188	1	2	0	11	5	4.125
189	1	3	0	11	6	4.125
190	1	3	0	11	7	4.125
191	1	3	0	11	8	4.125
192	1	3	0	11	9	4.125
193	1	3	0	11	10	4.125
194	1	3	0	11	11	4.125
195	1	3	0	11	12	4.125
196	1	3	0	11	13	4.125
197	1	3	0	11	14	4.125
198	1	2	0	11	15	4.125
199	1	2	0	12	5	4.125
200	1	3	0	12	6	4.125
201	1	3	0	12	7	4.125
202	1	3	0	12	8	4.125
203	1	3	0	12	9	4.125
204	1	3	0	12	10	4.125
205	1	3	0	12	11	4.125
206	1	3	0	12	12	4.125
207	1	3	0	12	13	4.125
208	1	3	0	12	14	4.125
209	1	2	0	12	15	4.125
211	1	2	0	13	6	4.125
212	1	3	0	13	7	4.125
213	1	3	0	13	8	4.125
214	1	3	0	13	9	4.125
215	1	3	0	13	10	4.125
216	1	3	0	13	11	4.125
217	1	3	0	13	12	4.125
218	1	3	0	13	13	4.125
219	1	2	0	13	14	4.125
222	1	2	0	14	6	4.125
223	1	2	0	14	7	4.125
224	1	3	0	14	8	4.125
225	1	3	0	14	9	4.125
226	1	3	0	14	10	4.125
227	1	3	0	14	11	4.125
228	1	3	0	14	12	4.125
229	1	2	0	14	13	4.125
230	1	2	0	14	14	4.125
235	1	2	0	15	8	4.125
236	1	2	0	15	9	4.125
237	1	2	0	15	10	4.125
238	1	2	0	15	11	4.125
239	1	2	0	15	12	4.125
245	1	2	0	5	7	5.125
246	1	2	0	5	8	5.125
247	1	2	0	5	9	5.125
248	1	2	0	5	10	5.125
249	1	2	0	5	11	5.125
250	1	2	0	5	12	5.125
251	1	2	0	5	13	5.125
255	1	2	0	6	6	5.125
256	1	3	0	6	7	5.125
257	1	3	0	6	8	5.125
258	1	3	0	6	9	5.125
259	1	3	0	6	10	5.125
260	1	3	0	6	11	5.125
261	1	3	0	6	12	5.125
262	1	3	0	6	13	5.125
263	1	2	0	6	14	5.125
265	1	2	0	7	5	5.125
266	1	3	0	7	6	5.125
267	1	3	0	7	7	5.125
268	1	3	0	7	8	5.125
269	1	3	0	7	9	5.125
270	1	3	0	7	10	5.125
271	1	3	0	7	11	5.125
272	1	3	0	7	12	5.125
273	1	3	0	7	13	5.125
274	1	3	0	7	14	5.125
275	1	2	0	7	15	5.125
276	1	2	0	8	5	5.125
277	1	3	0	8	6	5.125
278	1	3	0	8	7	5.125
279	1	3	0	8	8	5.125
280	1	3	0	8	9	5.125
281	1	3	0	8	10	5.125
282	1	3	0	8	11	5.125
283	1	3	0	8	12	5.125
284	1	3	0	8	13	5.125
285	1	3	0	8	14	5.125
286	1	2	0	8	15	5.125
287	1	2	0	9	5	5.125
288	1	3	0	9	6	5.125
289	1	3	0	9	7	5.125
290	1	3	0	9	8	5.125
291	1	3	0	9	9	5.125
292	1	3	0	9	10	5.125
293	1	3	0	9	11	5.125
294	1	3	0	9	12	5.125
295	1	3	0	9	13	5.125
296	1	3	0	9	14	5.125
297	1	2	0	9	15	5.125
298	1	2	0	10	5	5.125
299	1	3	0	10	6	5.125
300	1	3	0	10	7	5.125
301	1	3	0	10	8	5.125
302	1	3	0	10	9	5.125
303	1	3	0	10	10	5.125
304	1	3	0	10	11	5.125
305	1	3	0	10	12	5.125
306	1	3	0	10	13	5.125
307	1	3	0	10	14	5.125
308	1	2	0	10	15	5.125
309	1	2	0	11	5	5.125
310	1	3	0	11	6	5.125
311	1	3	0	11	7	5.125
312	1	3	0	11	8	5.125
313	1	3	0	11	9	5.125
314	1	3	0	11	10	5.125
315	1	3	0	11	11	5.125
316	1	3	0	11	12	5.125
317	1	3	0	11	13	5.125
318	1	3	0	11	14	5.125
319	1	2	0	11	15	5.125
320	1	2	0	12	5	5.125
321	1	3	0	12	6	5.125
322	1	3	0	12	7	5.125
323	1	3	0	12	8	5.125
324	1	3	0	12	9	5.125
325	1	3	0	12	10	5.125
326	1	3	0	12	11	5.125
327	1	3	0	12	12	5.125
328	1	3	0	12	13	5.125
329	1	3	0	12	14	5.125
330	1	2	0	12	15	5.125
331	1	2	0	13	5	5.125
332	1	3	0	13	6	5.125
333	1	3	0	13	7	5.125
334	1	3	0	13	8	5.125
335	1	3	0	13	9	5.125
336	1	3	0	13	10	5.125
337	1	3	0	13	11	5.125
338	1	3	0	13	12	5.125
339	1	3	0	13	13	5.125
340	1	3	0	13	14	5.125
341	1	2	0	13	15	5.125
343	1	2	0	14	6	5.125
344	1	3	0	14	7	5.125
345	1	3	0	14	8	5.125
346	1	3	0	14	9	5.125
347	1	3	0	14	10	5.125
348	1	3	0	14	11	5.125
349	1	3	0	14	12	5.125
350	1	3	0	14	13	5.125
351	1	2	0	14	14	5.125
355	1	2	0	15	7	5.125
356	1	2	0	15	8	5.125
357	1	2	0	15	9	5.125
358	1	2	0	15	10	5.125
359	1	2	0	15	11	5.125
360	1	2	0	15	12	5.125
361	1	2	0	15	13	5.125
365	1	2	0	5	6	6.125
366	1	2	0	5	7	6.125
367	1	2	0	5	8	6.125
368	1	2	0	5	9	6.125
369	1	2	0	5	10	6.125
370	1	2	0	5	11	6.125
371	1	2	0	5	12	6.125
372	1	2	0	5	13	6.125
373	1	2	0	5	14	6.125
375	1	2	0	6	5	6.125
376	1	3	0	6	6	6.125
377	1	3	0	6	7	6.125
378	1	3	0	6	8	6.125
379	1	3	0	6	9	6.125
380	1	3	0	6	10	6.125
381	1	3	0	6	11	6.125
382	1	3	0	6	12	6.125
383	1	3	0	6	13	6.125
384	1	3	0	6	14	6.125
385	1	2	0	6	15	6.125
386	1	2	0	7	5	6.125
387	1	3	0	7	6	6.125
388	1	3	0	7	7	6.125
389	1	3	0	7	8	6.125
390	1	3	0	7	9	6.125
391	1	3	0	7	10	6.125
392	1	3	0	7	11	6.125
393	1	3	0	7	12	6.125
394	1	3	0	7	13	6.125
395	1	3	0	7	14	6.125
396	1	2	0	7	15	6.125
397	1	2	0	8	5	6.125
398	1	3	0	8	6	6.125
399	1	3	0	8	7	6.125
400	1	3	0	8	8	6.125
401	1	3	0	8	9	6.125
402	1	3	0	8	10	6.125
403	1	3	0	8	11	6.125
404	1	3	0	8	12	6.125
405	1	3	0	8	13	6.125
406	1	3	0	8	14	6.125
407	1	2	0	8	15	6.125
408	1	2	0	9	5	6.125
409	1	3	0	9	6	6.125
410	1	3	0	9	7	6.125
411	1	3	0	9	8	6.125
412	1	3	0	9	9	6.125
413	1	3	0	9	10	6.125
414	1	3	0	9	11	6.125
415	1	3	0	9	12	6.125
416	1	3	0	9	13	6.125
417	1	3	0	9	14	6.125
418	1	2	0	9	15	6.125
419	1	2	0	10	5	6.125
420	1	3	0	10	6	6.125
421	1	3	0	10	7	6.125
422	1	3	0	10	8	6.125
423	1	3	0	10	9	6.125
424	1	3	0	10	10	6.125
425	1	3	0	10	11	6.125
426	1	3	0	10	12	6.125
427	1	3	0	10	13	6.125
428	1	3	0	10	14	6.125
429	1	2	0	10	15	6.125
430	1	2	0	11	5	6.125
431	1	3	0	11	6	6.125
432	1	3	0	11	7	6.125
433	1	3	0	11	8	6.125
434	1	3	0	11	9	6.125
435	1	3	0	11	10	6.125
436	1	3	0	11	11	6.125
437	1	3	0	11	12	6.125
438	1	3	0	11	13	6.125
439	1	3	0	11	14	6.125
440	1	2	0	11	15	6.125
441	1	2	0	12	5	6.125
442	1	3	0	12	6	6.125
443	1	3	0	12	7	6.125
444	1	3	0	12	8	6.125
445	1	3	0	12	9	6.125
446	1	3	0	12	10	6.125
447	1	3	0	12	11	6.125
448	1	3	0	12	12	6.125
449	1	3	0	12	13	6.125
450	1	3	0	12	14	6.125
451	1	2	0	12	15	6.125
452	1	2	0	13	5	6.125
453	1	3	0	13	6	6.125
454	1	3	0	13	7	6.125
455	1	3	0	13	8	6.125
456	1	3	0	13	9	6.125
457	1	3	0	13	10	6.125
458	1	3	0	13	11	6.125
459	1	3	0	13	12	6.125
460	1	3	0	13	13	6.125
461	1	3	0	13	14	6.125
462	1	2	0	13	15	6.125
463	1	2	0	14	5	6.125
464	1	3	0	14	6	6.125
465	1	3	0	14	7	6.125
466	1	3	0	14	8	6.125
467	1	3	0	14	9	6.125
468	1	3	0	14	10	6.125
469	1	3	0	14	11	6.125
470	1	3	0	14	12	6.125
471	1	3	0	14	13	6.125
472	1	3	0	14	14	6.125
473	1	2	0	14	15	6.125
475	1	2	0	15	6	6.125
476	1	2	0	15	7	6.125
477	1	2	0	15	8	6.125
478	1	2	0	15	9	6.125
479	1	2	0	15	10	6.125
480	1	2	0	15	11	6.125
481	1	2	0	15	12	6.125
482	1	2	0	15	13	6.125
483	1	2	0	15	14	6.125
486	1	2	0	5	6	7.125
487	1	2	0	5	7	7.125
488	1	2	0	5	8	7.125
489	1	2	0	5	9	7.125
490	1	2	0	5	10	7.125
491	1	2	0	5	11	7.125
492	1	2	0	5	12	7.125
493	1	2	0	5	13	7.125
494	1	2	0	5	14	7.125
496	1	2	0	6	5	7.125
497	1	3	0	6	6	7.125
498	1	3	0	6	7	7.125
499	1	3	0	6	8	7.125
500	1	3	0	6	9	7.125
501	1	3	0	6	10	7.125
502	1	3	0	6	11	7.125
503	1	3	0	6	12	7.125
504	1	3	0	6	13	7.125
505	1	3	0	6	14	7.125
506	1	2	0	6	15	7.125
507	1	2	0	7	5	7.125
508	1	3	0	7	6	7.125
509	1	3	0	7	7	7.125
510	1	3	0	7	8	7.125
511	1	3	0	7	9	7.125
512	1	3	0	7	10	7.125
513	1	3	0	7	11	7.125
514	1	3	0	7	12	7.125
515	1	3	0	7	13	7.125
516	1	3	0	7	14	7.125
517	1	2	0	7	15	7.125
518	1	2	0	8	5	7.125
519	1	3	0	8	6	7.125
520	1	3	0	8	7	7.125
521	1	3	0	8	8	7.125
522	1	3	0	8	9	7.125
523	1	3	0	8	10	7.125
524	1	3	0	8	11	7.125
525	1	3	0	8	12	7.125
526	1	3	0	8	13	7.125
527	1	3	0	8	14	7.125
528	1	2	0	8	15	7.125
529	1	2	0	9	5	7.125
530	1	3	0	9	6	7.125
531	1	3	0	9	7	7.125
532	1	3	0	9	8	7.125
533	1	3	0	9	9	7.125
534	1	3	0	9	10	7.125
535	1	3	0	9	11	7.125
536	1	3	0	9	12	7.125
537	1	3	0	9	13	7.125
538	1	3	0	9	14	7.125
539	1	2	0	9	15	7.125
540	1	2	0	10	5	7.125
541	1	3	0	10	6	7.125
542	1	3	0	10	7	7.125
543	1	3	0	10	8	7.125
544	1	3	0	10	9	7.125
545	1	3	0	10	10	7.125
546	1	3	0	10	11	7.125
547	1	3	0	10	12	7.125
548	1	3	0	10	13	7.125
549	1	3	0	10	14	7.125
550	1	2	0	10	15	7.125
551	1	2	0	11	5	7.125
552	1	3	0	11	6	7.125
553	1	3	0	11	7	7.125
554	1	3	0	11	8	7.125
555	1	3	0	11	9	7.125
556	1	3	0	11	10	7.125
557	1	3	0	11	11	7.125
558	1	3	0	11	12	7.125
559	1	3	0	11	13	7.125
560	1	3	0	11	14	7.125
561	1	2	0	11	15	7.125
562	1	2	0	12	5	7.125
563	1	3	0	12	6	7.125
564	1	3	0	12	7	7.125
565	1	3	0	12	8	7.125
566	1	3	0	12	9	7.125
567	1	3	0	12	10	7.125
568	1	3	0	12	11	7.125
569	1	3	0	12	12	7.125
570	1	3	0	12	13	7.125
571	1	3	0	12	14	7.125
572	1	2	0	12	15	7.125
573	1	2	0	13	5	7.125
574	1	3	0	13	6	7.125
575	1	3	0	13	7	7.125
576	1	3	0	13	8	7.125
577	1	3	0	13	9	7.125
578	1	3	0	13	10	7.125
579	1	3	0	13	11	7.125
580	1	3	0	13	12	7.125
581	1	3	0	13	13	7.125
582	1	3	0	13	14	7.125
583	1	2	0	13	15	7.125
584	1	2	0	14	5	7.125
585	1	3	0	14	6	7.125
586	1	3	0	14	7	7.125
587	1	3	0	14	8	7.125
588	1	3	0	14	9	7.125
589	1	3	0	14	10	7.125
590	1	3	0	14	11	7.125
591	1	3	0	14	12	7.125
592	1	3	0	14	13	7.125
593	1	3	0	14	14	7.125
594	1	2	0	14	15	7.125
596	1	2	0	15	6	7.125
597	1	2	0	15	7	7.125
598	1	2	0	15	8	7.125
599	1	2	0	15	9	7.125
600	1	2	0	15	10	7.125
601	1	2	0	15	11	7.125
602	1	2	0	15	12	7.125
603	1	2	0	15	13	7.125
604	1	2	0	15	14	7.125
607	1	2	0	5	6	8.125
608	1	2	0	5	7	8.125
609	1	2	0	5	8	8.125
610	1	2	0	5	9	8.125
611	1	2	0	5	10	8.125
612	1	2	0	5	11	8.125
613	1	2	0	5	12	8.125
614	1	2	0	5	13	8.125
615	1	2	0	5	14	8.125
617	1	2	0	6	5	8.125
618	1	3	0	6	6	8.125
619	1	3	0	6	7	8.125
620	1	3	0	6	8	8.125
621	1	3	0	6	9	8.125
622	1	3	0	6	10	8.125
623	1	3	0	6	11	8.125
624	1	3	0	6	12	8.125
625	1	3	0	6	13	8.125
626	1	3	0	6	14	8.125
627	1	2	0	6	15	8.125
628	1	2	0	7	5	8.125
629	1	3	0	7	6	8.125
630	1	3	0	7	7	8.125
631	1	3	0	7	8	8.125
632	1	3	0	7	9	8.125
633	1	3	0	7	10	8.125
634	1	3	0	7	11	8.125
635	1	3	0	7	12	8.125
636	1	3	0	7	13	8.125
637	1	3	0	7	14	8.125
638	1	2	0	7	15	8.125
639	1	2	0	8	5	8.125
640	1	3	0	8	6	8.125
641	1	3	0	8	7	8.125
642	1	3	0	8	8	8.125
643	1	3	0	8	9	8.125
644	1	3	0	8	10	8.125
645	1	3	0	8	11	8.125
646	1	3	0	8	12	8.125
647	1	3	0	8	13	8.125
648	1	3	0	8	14	8.125
649	1	2	0	8	15	8.125
650	1	2	0	9	5	8.125
651	1	3	0	9	6	8.125
652	1	3	0	9	7	8.125
653	1	3	0	9	8	8.125
654	1	3	0	9	9	8.125
655	1	3	0	9	10	8.125
656	1	3	0	9	11	8.125
657	1	3	0	9	12	8.125
658	1	3	0	9	13	8.125
659	1	3	0	9	14	8.125
660	1	2	0	9	15	8.125
661	1	2	0	10	5	8.125
662	1	3	0	10	6	8.125
663	1	3	0	10	7	8.125
664	1	3	0	10	8	8.125
665	1	3	0	10	9	8.125
666	1	3	0	10	10	8.125
667	1	3	0	10	11	8.125
668	1	3	0	10	12	8.125
669	1	3	0	10	13	8.125
670	1	3	0	10	14	8.125
671	1	2	0	10	15	8.125
672	1	2	0	11	5	8.125
673	1	3	0	11	6	8.125
674	1	3	0	11	7	8.125
675	1	3	0	11	8	8.125
676	1	3	0	11	9	8.125
677	1	3	0	11	10	8.125
678	1	3	0	11	11	8.125
679	1	3	0	11	12	8.125
680	1	3	0	11	13	8.125
681	1	3	0	11	14	8.125
682	1	2	0	11	15	8.125
683	1	2	0	12	5	8.125
684	1	3	0	12	6	8.125
685	1	3	0	12	7	8.125
686	1	3	0	12	8	8.125
687	1	3	0	12	9	8.125
688	1	3	0	12	10	8.125
689	1	3	0	12	11	8.125
690	1	3	0	12	12	8.125
691	1	3	0	12	13	8.125
692	1	3	0	12	14	8.125
693	1	2	0	12	15	8.125
694	1	2	0	13	5	8.125
695	1	3	0	13	6	8.125
696	1	3	0	13	7	8.125
697	1	3	0	13	8	8.125
698	1	3	0	13	9	8.125
699	1	3	0	13	10	8.125
700	1	3	0	13	11	8.125
701	1	3	0	13	12	8.125
702	1	3	0	13	13	8.125
703	1	3	0	13	14	8.125
704	1	2	0	13	15	8.125
705	1	2	0	14	5	8.125
706	1	3	0	14	6	8.125
707	1	3	0	14	7	8.125
708	1	3	0	14	8	8.125
709	1	3	0	14	9	8.125
710	1	3	0	14	10	8.125
711	1	3	0	14	11	8.125
712	1	3	0	14	12	8.125
713	1	3	0	14	13	8.125
714	1	3	0	14	14	8.125
715	1	2	0	14	15	8.125
717	1	2	0	15	6	8.125
718	1	2	0	15	7	8.125
719	1	2	0	15	8	8.125
720	1	2	0	15	9	8.125
721	1	2	0	15	10	8.125
722	1	2	0	15	11	8.125
723	1	2	0	15	12	8.125
724	1	2	0	15	13	8.125
725	1	2	0	15	14	8.125
728	1	2	0	5	6	9.125
729	1	2	0	5	7	9.125
730	1	2	0	5	8	9.125
731	1	2	0	5	9	9.125
732	1	2	0	5	10	9.125
733	1	2	0	5	11	9.125
734	1	2	0	5	12	9.125
735	1	2	0	5	13	9.125
736	1	2	0	5	14	9.125
738	1	2	0	6	5	9.125
739	1	3	0	6	6	9.125
740	1	3	0	6	7	9.125
741	1	3	0	6	8	9.125
742	1	3	0	6	9	9.125
743	1	3	0	6	10	9.125
744	1	3	0	6	11	9.125
745	1	3	0	6	12	9.125
746	1	3	0	6	13	9.125
747	1	3	0	6	14	9.125
748	1	2	0	6	15	9.125
749	1	2	0	7	5	9.125
750	1	3	0	7	6	9.125
751	1	3	0	7	7	9.125
752	1	3	0	7	8	9.125
753	1	3	0	7	9	9.125
754	1	3	0	7	10	9.125
755	1	3	0	7	11	9.125
756	1	3	0	7	12	9.125
757	1	3	0	7	13	9.125
758	1	3	0	7	14	9.125
759	1	2	0	7	15	9.125
760	1	2	0	8	5	9.125
761	1	3	0	8	6	9.125
762	1	3	0	8	7	9.125
763	1	3	0	8	8	9.125
764	1	3	0	8	9	9.125
765	1	3	0	8	10	9.125
766	1	3	0	8	11	9.125
767	1	3	0	8	12	9.125
768	1	3	0	8	13	9.125
769	1	3	0	8	14	9.125
770	1	2	0	8	15	9.125
771	1	2	0	9	5	9.125
772	1	3	0	9	6	9.125
773	1	3	0	9	7	9.125
774	1	3	0	9	8	9.125
775	1	3	0	9	9	9.125
776	1	3	0	9	10	9.125
777	1	3	0	9	11	9.125
778	1	3	0	9	12	9.125
779	1	3	0	9	13	9.125
780	1	3	0	9	14	9.125
781	1	2	0	9	15	9.125
782	1	2	0	10	5	9.125
783	1	3	0	10	6	9.125
784	1	3	0	10	7	9.125
785	1	3	0	10	8	9.125
786	1	3	0	10	9	9.125
787	1	3	0	10	10	9.125
788	1	3	0	10	11	9.125
789	1	3	0	10	12	9.125
790	1	3	0	10	13	9.125
791	1	3	0	10	14	9.125
792	1	2	0	10	15	9.125
793	1	2	0	11	5	9.125
794	1	3	0	11	6	9.125
795	1	3	0	11	7	9.125
796	1	3	0	11	8	9.125
797	1	3	0	11	9	9.125
798	1	3	0	11	10	9.125
799	1	3	0	11	11	9.125
800	1	3	0	11	12	9.125
801	1	3	0	11	13	9.125
802	1	3	0	11	14	9.125
803	1	2	0	11	15	9.125
804	1	2	0	12	5	9.125
805	1	3	0	12	6	9.125
806	1	3	0	12	7	9.125
807	1	3	0	12	8	9.125
808	1	3	0	12	9	9.125
809	1	3	0	12	10	9.125
810	1	3	0	12	11	9.125
811	1	3	0	12	12	9.125
812	1	3	0	12	13	9.125
813	1	3	0	12	14	9.125
814	1	2	0	12	15	9.125
815	1	2	0	13	5	9.125
816	1	3	0	13	6	9.125
817	1	3	0	13	7	9.125
818	1	3	0	13	8	9.125
819	1	3	0	13	9	9.125
820	1	3	0	13	10	9.125
821	1	3	0	13	11	9.125
822	1	3	0	13	12	9.125
823	1	3	0	13	13	9.125
824	1	3	0	13	14	9.125
825	1	2	0	13	15	9.125
826	1	2	0	14	5	9.125
827	1	3	0	14	6	9.125
828	1	3	0	14	7	9.125
829	1	3	0	14	8	9.125
830	1	3	0	14	9	9.125
831	1	3	0	14	10	9.125
832	1	3	0	14	11	9.125
833	1	3	0	14	12	9.125
834	1	3	0	14	13	9.125
835	1	3	0	14	14	9.125
836	1	2	0	14	15	9.125
838	1	2	0	15	6	9.125
839	1	2	0	15	7	9.125
840	1	2	0	15	8	9.125
841	1	2	0	15	9	9.125
842	1	2	0	15	10	9.125
843	1	2	0	15	11	9.125
844	1	2	0	15	12	9.125
845	1	2	0	15	13	9.125
846	1	2	0	15	14	9.125
849	1	2	0	5	6	10.125
850	1	2	0	5	7	10.125
851	1	2	0	5	8	10.125
852	1	2	0	5	9	10.125
853	1	2	0	5	10	10.125
854	1	2	0	5	11	10.125
855	1	2	0	5	12	10.125
856	1	2	0	5	13	10.125
857	1	2	0	5	14	10.125
859	1	2	0	6	5	10.125
860	1	3	0	6	6	10.125
861	1	3	0	6	7	10.125
862	1	3	0	6	8	10.125
863	1	3	0	6	9	10.125
864	1	3	0	6	10	10.125
865	1	3	0	6	11	10.125
866	1	3	0	6	12	10.125
867	1	3	0	6	13	10.125
868	1	3	0	6	14	10.125
869	1	2	0	6	15	10.125
870	1	2	0	7	5	10.125
871	1	3	0	7	6	10.125
872	1	3	0	7	7	10.125
873	1	3	0	7	8	10.125
874	1	3	0	7	9	10.125
875	1	3	0	7	10	10.125
876	1	3	0	7	11	10.125
877	1	3	0	7	12	10.125
878	1	3	0	7	13	10.125
879	1	3	0	7	14	10.125
880	1	2	0	7	15	10.125
881	1	2	0	8	5	10.125
882	1	3	0	8	6	10.125
883	1	3	0	8	7	10.125
884	1	3	0	8	8	10.125
885	1	3	0	8	9	10.125
886	1	3	0	8	10	10.125
887	1	3	0	8	11	10.125
888	1	3	0	8	12	10.125
889	1	3	0	8	13	10.125
890	1	3	0	8	14	10.125
891	1	2	0	8	15	10.125
892	1	2	0	9	5	10.125
893	1	3	0	9	6	10.125
894	1	3	0	9	7	10.125
895	1	3	0	9	8	10.125
896	1	3	0	9	9	10.125
897	1	3	0	9	10	10.125
898	1	3	0	9	11	10.125
899	1	3	0	9	12	10.125
900	1	3	0	9	13	10.125
901	1	3	0	9	14	10.125
902	1	2	0	9	15	10.125
903	1	2	0	10	5	10.125
904	1	3	0	10	6	10.125
905	1	3	0	10	7	10.125
906	1	3	0	10	8	10.125
907	1	3	0	10	9	10.125
908	1	3	0	10	10	10.125
909	1	3	0	10	11	10.125
910	1	3	0	10	12	10.125
911	1	3	0	10	13	10.125
912	1	3	0	10	14	10.125
913	1	2	0	10	15	10.125
914	1	2	0	11	5	10.125
915	1	3	0	11	6	10.125
916	1	3	0	11	7	10.125
917	1	3	0	11	8	10.125
918	1	3	0	11	9	10.125
919	1	3	0	11	10	10.125
920	1	3	0	11	11	10.125
921	1	3	0	11	12	10.125
922	1	3	0	11	13	10.125
923	1	3	0	11	14	10.125
924	1	2	0	11	15	10.125
925	1	2	0	12	5	10.125
926	1	3	0	12	6	10.125
927	1	3	0	12	7	10.125
928	1	3	0	12	8	10.125
929	1	3	0	12	9	10.125
930	1	3	0	12	10	10.125
931	1	3	0	12	11	10.125
932	1	3	0	12	12	10.125
933	1	3	0	12	13	10.125
934	1	3	0	12	14	10.125
935	1	2	0	12	15	10.125
936	1	2	0	13	5	10.125
937	1	3	0	13	6	10.125
938	1	3	0	13	7	10.125
939	1	3	0	13	8	10.125
940	1	3	0	13	9	10.125
941	1	3	0	13	10	10.125
942	1	3	0	13	11	10.125
943	1	3	0	13	12	10.125
944	1	3	0	13	13	10.125
945	1	3	0	13	14	10.125
946	1	2	0	13	15	10.125
947	1	2	0	14	5	10.125
948	1	3	0	14	6	10.125
949	1	3	0	14	7	10.125
950	1	3	0	14	8	10.125
951	1	3	0	14	9	10.125
952	1	3	0	14	10	10.125
953	1	3	0	14	11	10.125
954	1	3	0	14	12	10.125
955	1	3	0	14	13	10.125
956	1	3	0	14	14	10.125
957	1	2	0	14	15	10.125
959	1	2	0	15	6	10.125
960	1	2	0	15	7	10.125
961	1	2	0	15	8	10.125
962	1	2	0	15	9	10.125
963	1	2	0	15	10	10.125
964	1	2	0	15	11	10.125
965	1	2	0	15	12	10.125
966	1	2	0	15	13	10.125
967	1	2	0	15	14	10.125
971	1	2	0	5	7	11.125
972	1	2	0	5	8	11.125
973	1	2	0	5	9	11.125
974	1	2	0	5	10	11.125
975	1	2	0	5	11	11.125
976	1	2	0	5	12	11.125
977	1	2	0	5	13	11.125
981	1	2	0	6	6	11.125
982	1	3	0	6	7	11.125
983	1	3	0	6	8	11.125
984	1	3	0	6	9	11.125
985	1	3	0	6	10	11.125
986	1	3	0	6	11	11.125
987	1	3	0	6	12	11.125
988	1	3	0	6	13	11.125
989	1	2	0	6	14	11.125
991	1	2	0	7	5	11.125
992	1	3	0	7	6	11.125
993	1	3	0	7	7	11.125
994	1	3	0	7	8	11.125
995	1	3	0	7	9	11.125
996	1	3	0	7	10	11.125
997	1	3	0	7	11	11.125
998	1	3	0	7	12	11.125
999	1	3	0	7	13	11.125
1000	1	3	0	7	14	11.125
1001	1	2	0	7	15	11.125
1002	1	2	0	8	5	11.125
1003	1	3	0	8	6	11.125
1004	1	3	0	8	7	11.125
1005	1	3	0	8	8	11.125
1006	1	3	0	8	9	11.125
1007	1	3	0	8	10	11.125
1008	1	3	0	8	11	11.125
1009	1	3	0	8	12	11.125
1010	1	3	0	8	13	11.125
1011	1	3	0	8	14	11.125
1012	1	2	0	8	15	11.125
1013	1	2	0	9	5	11.125
1014	1	3	0	9	6	11.125
1015	1	3	0	9	7	11.125
1016	1	3	0	9	8	11.125
1017	1	3	0	9	9	11.125
1018	1	3	0	9	10	11.125
1019	1	3	0	9	11	11.125
1020	1	3	0	9	12	11.125
1021	1	3	0	9	13	11.125
1022	1	3	0	9	14	11.125
1023	1	2	0	9	15	11.125
1024	1	2	0	10	5	11.125
1025	1	3	0	10	6	11.125
1026	1	3	0	10	7	11.125
1027	1	3	0	10	8	11.125
1028	1	3	0	10	9	11.125
1029	1	3	0	10	10	11.125
1030	1	3	0	10	11	11.125
1031	1	3	0	10	12	11.125
1032	1	3	0	10	13	11.125
1033	1	3	0	10	14	11.125
1034	1	2	0	10	15	11.125
1035	1	2	0	11	5	11.125
1036	1	3	0	11	6	11.125
1037	1	3	0	11	7	11.125
1038	1	3	0	11	8	11.125
1039	1	3	0	11	9	11.125
1040	1	3	0	11	10	11.125
1041	1	3	0	11	11	11.125
1042	1	3	0	11	12	11.125
1043	1	3	0	11	13	11.125
1044	1	3	0	11	14	11.125
1045	1	2	0	11	15	11.125
1046	1	2	0	12	5	11.125
1047	1	3	0	12	6	11.125
1048	1	3	0	12	7	11.125
1049	1	3	0	12	8	11.125
1050	1	3	0	12	9	11.125
1051	1	3	0	12	10	11.125
1052	1	3	0	12	11	11.125
1053	1	3	0	12	12	11.125
1054	1	3	0	12	13	11.125
1055	1	3	0	12	14	11.125
1056	1	2	0	12	15	11.125
1057	1	2	0	13	5	11.125
1058	1	3	0	13	6	11.125
1059	1	3	0	13	7	11.125
1060	1	3	0	13	8	11.125
1061	1	3	0	13	9	11.125
1062	1	3	0	13	10	11.125
1063	1	3	0	13	11	11.125
1064	1	3	0	13	12	11.125
1065	1	3	0	13	13	11.125
1066	1	3	0	13	14	11.125
1067	1	2	0	13	15	11.125
1069	1	2	0	14	6	11.125
1070	1	3	0	14	7	11.125
1071	1	3	0	14	8	11.125
1072	1	3	0	14	9	11.125
1073	1	3	0	14	10	11.125
1074	1	3	0	14	11	11.125
1075	1	3	0	14	12	11.125
1076	1	3	0	14	13	11.125
1077	1	2	0	14	14	11.125
1081	1	2	0	15	7	11.125
1082	1	2	0	15	8	11.125
1083	1	2	0	15	9	11.125
1084	1	2	0	15	10	11.125
1085	1	2	0	15	11	11.125
1086	1	2	0	15	12	11.125
1087	1	2	0	15	13	11.125
1093	1	2	0	5	8	12.125
1094	1	2	0	5	9	12.125
1095	1	2	0	5	10	12.125
1096	1	2	0	5	11	12.125
1097	1	2	0	5	12	12.125
1102	1	2	0	6	6	12.125
1103	1	2	0	6	7	12.125
1104	1	3	0	6	8	12.125
1105	1	3	0	6	9	12.125
1106	1	3	0	6	10	12.125
1107	1	3	0	6	11	12.125
1108	1	3	0	6	12	12.125
1109	1	2	0	6	13	12.125
1110	1	2	0	6	14	12.125
1113	1	2	0	7	6	12.125
1114	1	3	0	7	7	12.125
1115	1	3	0	7	8	12.125
1116	1	3	0	7	9	12.125
1117	1	3	0	7	10	12.125
1118	1	3	0	7	11	12.125
1119	1	3	0	7	12	12.125
1120	1	3	0	7	13	12.125
1121	1	2	0	7	14	12.125
1123	1	2	0	8	5	12.125
1124	1	3	0	8	6	12.125
1125	1	3	0	8	7	12.125
1126	1	3	0	8	8	12.125
1127	1	3	0	8	9	12.125
1128	1	3	0	8	10	12.125
1129	1	3	0	8	11	12.125
1130	1	3	0	8	12	12.125
1131	1	3	0	8	13	12.125
1132	1	3	0	8	14	12.125
1133	1	2	0	8	15	12.125
1134	1	2	0	9	5	12.125
1135	1	3	0	9	6	12.125
1136	1	3	0	9	7	12.125
1137	1	3	0	9	8	12.125
1138	1	3	0	9	9	12.125
1139	1	3	0	9	10	12.125
1140	1	3	0	9	11	12.125
1141	1	3	0	9	12	12.125
1142	1	3	0	9	13	12.125
1143	1	3	0	9	14	12.125
1144	1	2	0	9	15	12.125
1145	1	2	0	10	5	12.125
1146	1	3	0	10	6	12.125
1147	1	3	0	10	7	12.125
1148	1	3	0	10	8	12.125
1149	1	3	0	10	9	12.125
1150	1	3	0	10	10	12.125
1151	1	3	0	10	11	12.125
1152	1	3	0	10	12	12.125
1153	1	3	0	10	13	12.125
1154	1	3	0	10	14	12.125
1155	1	2	0	10	15	12.125
1156	1	2	0	11	5	12.125
1157	1	3	0	11	6	12.125
1158	1	3	0	11	7	12.125
1159	1	3	0	11	8	12.125
1160	1	3	0	11	9	12.125
1161	1	3	0	11	10	12.125
1162	1	3	0	11	11	12.125
1163	1	3	0	11	12	12.125
1164	1	3	0	11	13	12.125
1165	1	3	0	11	14	12.125
1166	1	2	0	11	15	12.125
1167	1	2	0	12	5	12.125
1168	1	3	0	12	6	12.125
1169	1	3	0	12	7	12.125
1170	1	3	0	12	8	12.125
1171	1	3	0	12	9	12.125
1172	1	3	0	12	10	12.125
1173	1	3	0	12	11	12.125
1174	1	3	0	12	12	12.125
1175	1	3	0	12	13	12.125
1176	1	3	0	12	14	12.125
1177	1	2	0	12	15	12.125
1179	1	2	0	13	6	12.125
1180	1	3	0	13	7	12.125
1181	1	3	0	13	8	12.125
1182	1	3	0	13	9	12.125
1183	1	3	0	13	10	12.125
1184	1	3	0	13	11	12.125
1185	1	3	0	13	12	12.125
1186	1	3	0	13	13	12.125
1187	1	2	0	13	14	12.125
1190	1	2	0	14	6	12.125
1191	1	2	0	14	7	12.125
1192	1	3	0	14	8	12.125
1193	1	3	0	14	9	12.125
1194	1	3	0	14	10	12.125
1195	1	3	0	14	11	12.125
1196	1	3	0	14	12	12.125
1197	1	2	0	14	13	12.125
1198	1	2	0	14	14	12.125
1203	1	2	0	15	8	12.125
1204	1	2	0	15	9	12.125
1205	1	2	0	15	10	12.125
1206	1	2	0	15	11	12.125
1207	1	2	0	15	12	12.125
1225	1	2	0	6	8	13.125
1226	1	2	0	6	9	13.125
1227	1	2	0	6	10	13.125
1228	1	2	0	6	11	13.125
1229	1	2	0	6	12	13.125
1235	1	2	0	7	7	13.125
1236	1	2	0	7	8	13.125
1237	1	2	0	7	9	13.125
1238	1	2	0	7	10	13.125
1239	1	2	0	7	11	13.125
1240	1	2	0	7	12	13.125
1241	1	2	0	7	13	13.125
1245	1	2	0	8	6	13.125
1246	1	2	0	8	7	13.125
1247	1	2	0	8	8	13.125
1248	1	2	0	8	9	13.125
1249	1	2	0	8	10	13.125
1250	1	2	0	8	11	13.125
1251	1	2	0	8	12	13.125
1252	1	2	0	8	13	13.125
1253	1	2	0	8	14	13.125
1256	1	2	0	9	6	13.125
1257	1	2	0	9	7	13.125
1258	1	2	0	9	8	13.125
1259	1	2	0	9	9	13.125
1260	1	2	0	9	10	13.125
1261	1	2	0	9	11	13.125
1262	1	2	0	9	12	13.125
1263	1	2	0	9	13	13.125
1264	1	2	0	9	14	13.125
1267	1	2	0	10	6	13.125
1268	1	2	0	10	7	13.125
1269	1	2	0	10	8	13.125
1270	1	2	0	10	9	13.125
1271	1	2	0	10	10	13.125
1272	1	2	0	10	11	13.125
1273	1	2	0	10	12	13.125
1274	1	2	0	10	13	13.125
1275	1	2	0	10	14	13.125
1278	1	2	0	11	6	13.125
1279	1	2	0	11	7	13.125
1280	1	2	0	11	8	13.125
1281	1	2	0	11	9	13.125
1282	1	2	0	11	10	13.125
1283	1	2	0	11	11	13.125
1284	1	2	0	11	12	13.125
1285	1	2	0	11	13	13.125
1286	1	2	0	11	14	13.125
1289	1	2	0	12	6	13.125
1290	1	2	0	12	7	13.125
1291	1	2	0	12	8	13.125
1292	1	2	0	12	9	13.125
1293	1	2	0	12	10	13.125
1294	1	2	0	12	11	13.125
1295	1	2	0	12	12	13.125
1296	1	2	0	12	13	13.125
1297	1	2	0	12	14	13.125
1301	1	2	0	13	7	13.125
1302	1	2	0	13	8	13.125
1303	1	2	0	13	9	13.125
1304	1	2	0	13	10	13.125
1305	1	2	0	13	11	13.125
1306	1	2	0	13	12	13.125
1307	1	2	0	13	13	13.125
1313	1	2	0	14	8	13.125
1314	1	2	0	14	9	13.125
1315	1	2	0	14	10	13.125
1316	1	2	0	14	11	13.125
1317	1	2	0	14	12	13.125
