61	1	2	0	10	10	3.833
149	1	2	0	7	10	4.833
158	1	2	0	8	8	4.833
159	1	2	0	8	9	4.833
160	1	2	0	8	10	4.833
161	1	2	0	8	11	4.833
162	1	2	0	8	12	4.833
169	1	2	0	9	8	4.833
170	1	2	0	9	9	4.833
171	1	2	0	9	10	4.833
172	1	2	0	9	11	4.833
173	1	2	0	9	12	4.833
179	1	2	0	10	7	4.833
180	1	2	0	10	8	4.833
181	1	2	0	10	9	4.833
182	1	2	0	10	10	4.833
183	1	2	0	10	11	4.833
184	1	2	0	10	12	4.833
185	1	2	0	10	13	4.833
191	1	2	0	11	8	4.833
192	1	2	0	11	9	4.833
193	1	2	0	11	10	4.833
194	1	2	0	11	11	4.833
195	1	2	0	11	12	4.833
202	1	2	0	12	8	4.833
203	1	2	0	12	9	4.833
204	1	2	0	12	10	4.833
205	1	2	0	12	11	4.833
206	1	2	0	12	12	4.833
215	1	2	0	13	10	4.833
259	1	2	0	6	10	5.833
268	1	2	0	7	8	5.833
269	1	2	0	7	9	5.833
270	1	2	0	7	10	5.833
271	1	2	0	7	11	5.833
272	1	2	0	7	12	5.833
278	1	2	0	8	7	5.833
279	1	2	0	8	8	5.833
280	1	3	0	8	9	5.833
281	1	3	0	8	10	5.833
282	1	3	0	8	11	5.833
283	1	2	0	8	12	5.833
284	1	2	0	8	13	5.833
289	1	2	0	9	7	5.833
290	1	3	0	9	8	5.833
291	1	3	0	9	9	5.833
292	1	3	0	9	10	5.833
293	1	3	0	9	11	5.833
294	1	3	0	9	12	5.833
295	1	2	0	9	13	5.833
299	1	2	0	10	6	5.833
300	1	2	0	10	7	5.833
301	1	3	0	10	8	5.833
302	1	3	0	10	9	5.833
303	1	3	0	10	10	5.833
304	1	3	0	10	11	5.833
305	1	3	0	10	12	5.833
306	1	2	0	10	13	5.833
307	1	2	0	10	14	5.833
311	1	2	0	11	7	5.833
312	1	3	0	11	8	5.833
313	1	3	0	11	9	5.833
314	1	3	0	11	10	5.833
315	1	3	0	11	11	5.833
316	1	3	0	11	12	5.833
317	1	2	0	11	13	5.833
322	1	2	0	12	7	5.833
323	1	2	0	12	8	5.833
324	1	3	0	12	9	5.833
325	1	3	0	12	10	5.833
326	1	3	0	12	11	5.833
327	1	2	0	12	12	5.833
328	1	2	0	12	13	5.833
334	1	2	0	13	8	5.833
335	1	2	0	13	9	5.833
336	1	2	0	13	10	5.833
337	1	2	0	13	11	5.833
338	1	2	0	13	12	5.833
347	1	2	0	14	10	5.833
378	1	2	0	6	8	6.833
379	1	2	0	6	9	6.833
380	1	2	0	6	10	6.833
381	1	2	0	6	11	6.833
382	1	2	0	6	12	6.833
388	1	2	0	7	7	6.833
389	1	2	0	7	8	6.833
390	1	3	0	7	9	6.833
391	1	3	0	7	10	6.833
392	1	3	0	7	11	6.833
393	1	2	0	7	12	6.833
394	1	2	0	7	13	6.833
398	1	2	0	8	6	6.833
399	1	2	0	8	7	6.833
400	1	3	0	8	8	6.833
401	1	3	0	8	9	6.833
402	1	3	0	8	10	6.833
403	1	3	0	8	11	6.833
404	1	3	0	8	12	6.833
405	1	2	0	8	13	6.833
406	1	2	0	8	14	6.833
409	1	2	0	9	6	6.833
410	1	3	0	9	7	6.833
411	1	3	0	9	8	6.833
412	1	3	0	9	9	6.833
413	1	3	0	9	10	6.833
414	1	3	0	9	11	6.833
415	1	3	0	9	12	6.833
416	1	3	0	9	13	6.833
417	1	2	0	9	14	6.833
420	1	2	0	10	6	6.833
421	1	3	0	10	7	6.833
422	1	3	0	10	8	6.833
423	1	3	0	10	9	6.833
424	1	3	0	10	10	6.833
425	1	3	0	10	11	6.833
426	1	3	0	10	12	6.833
427	1	3	0	10	13	6.833
428	1	2	0	10	14	6.833
431	1	2	0	11	6	6.833
432	1	3	0	11	7	6.833
433	1	3	0	11	8	6.833
434	1	3	0	11	9	6.833
435	1	3	0	11	10	6.833
436	1	3	0	11	11	6.833
437	1	3	0	11	12	6.833
438	1	3	0	11	13	6.833
439	1	2	0	11	14	6.833
442	1	2	0	12	6	6.833
443	1	2	0	12	7	6.833
444	1	3	0	12	8	6.833
445	1	3	0	12	9	6.833
446	1	3	0	12	10	6.833
447	1	3	0	12	11	6.833
448	1	3	0	12	12	6.833
449	1	2	0	12	13	6.833
450	1	2	0	12	14	6.833
454	1	2	0	13	7	6.833
455	1	2	0	13	8	6.833
456	1	3	0	13	9	6.833
457	1	3	0	13	10	6.833
458	1	3	0	13	11	6.833
459	1	2	0	13	12	6.833
460	1	2	0	13	13	6.833
466	1	2	0	14	8	6.833
467	1	2	0	14	9	6.833
468	1	2	0	14	10	6.833
469	1	2	0	14	11	6.833
470	1	2	0	14	12	6.833
499	1	2	0	6	8	7.833
500	1	2	0	6	9	7.833
501	1	2	0	6	10	7.833
502	1	2	0	6	11	7.833
503	1	2	0	6	12	7.833
509	1	2	0	7	7	7.833
510	1	3	0	7	8	7.833
511	1	3	0	7	9	7.833
512	1	3	0	7	10	7.833
513	1	3	0	7	11	7.833
514	1	3	0	7	12	7.833
515	1	2	0	7	13	7.833
519	1	2	0	8	6	7.833
520	1	3	0	8	7	7.833
521	1	3	0	8	8	7.833
522	1	3	0	8	9	7.833
523	1	3	0	8	10	7.833
524	1	3	0	8	11	7.833
525	1	3	0	8	12	7.833
526	1	3	0	8	13	7.833
527	1	2	0	8	14	7.833
530	1	2	0	9	6	7.833
531	1	3	0	9	7	7.833
532	1	3	0	9	8	7.833
533	1	3	0	9	9	7.833
534	1	3	0	9	10	7.833
535	1	3	0	9	11	7.833
536	1	3	0	9	12	7.833
537	1	3	0	9	13	7.833
538	1	2	0	9	14	7.833
541	1	2	0	10	6	7.833
542	1	3	0	10	7	7.833
543	1	3	0	10	8	7.833
544	1	3	0	10	9	7.833
545	1	3	0	10	10	7.833
546	1	3	0	10	11	7.833
547	1	3	0	10	12	7.833
548	1	3	0	10	13	7.833
549	1	2	0	10	14	7.833
552	1	2	0	11	6	7.833
553	1	3	0	11	7	7.833
554	1	3	0	11	8	7.833
555	1	3	0	11	9	7.833
556	1	3	0	11	10	7.833
557	1	3	0	11	11	7.833
558	1	3	0	11	12	7.833
559	1	3	0	11	13	7.833
560	1	2	0	11	14	7.833
563	1	2	0	12	6	7.833
564	1	3	0	12	7	7.833
565	1	3	0	12	8	7.833
566	1	3	0	12	9	7.833
567	1	3	0	12	10	7.833
568	1	3	0	12	11	7.833
569	1	3	0	12	12	7.833
570	1	3	0	12	13	7.833
571	1	2	0	12	14	7.833
575	1	2	0	13	7	7.833
576	1	3	0	13	8	7.833
577	1	3	0	13	9	7.833
578	1	3	0	13	10	7.833
579	1	3	0	13	11	7.833
580	1	3	0	13	12	7.833
581	1	2	0	13	13	7.833
587	1	2	0	14	8	7.833
588	1	2	0	14	9	7.833
589	1	2	0	14	10	7.833
590	1	2	0	14	11	7.833
591	1	2	0	14	12	7.833
611	1	2	0	5	10	8.833
619	1	2	0	6	7	8.833
620	1	2	0	6	8	8.833
621	1	2	0	6	9	8.833
622	1	2	0	6	10	8.833
623	1	2	0	6	11	8.833
624	1	2	0	6	12	8.833
625	1	2	0	6	13	8.833
629	1	2	0	7	6	8.833
630	1	2	0	7	7	8.833
631	1	3	0	7	8	8.833
632	1	3	0	7	9	8.833
633	1	3	0	7	10	8.833
634	1	3	0	7	11	8.833
635	1	3	0	7	12	8.833
636	1	2	0	7	13	8.833
637	1	2	0	7	14	8.833
640	1	2	0	8	6	8.833
641	1	3	0	8	7	8.833
642	1	3	0	8	8	8.833
643	1	3	0	8	9	8.833
644	1	3	0	8	10	8.833
645	1	3	0	8	11	8.833
646	1	3	0	8	12	8.833
647	1	3	0	8	13	8.833
648	1	2	0	8	14	8.833
651	1	2	0	9	6	8.833
652	1	3	0	9	7	8.833
653	1	3	0	9	8	8.833
654	1	3	0	9	9	8.833
655	1	3	0	9	10	8.833
656	1	3	0	9	11	8.833
657	1	3	0	9	12	8.833
658	1	3	0	9	13	8.833
659	1	2	0	9	14	8.833
661	1	2	0	10	5	8.833
662	1	2	0	10	6	8.833
663	1	3	0	10	7	8.833
664	1	3	0	10	8	8.833
665	1	3	0	10	9	8.833
666	1	3	0	10	10	8.833
667	1	3	0	10	11	8.833
668	1	3	0	10	12	8.833
669	1	3	0	10	13	8.833
670	1	2	0	10	14	8.833
671	1	2	0	10	15	8.833
673	1	2	0	11	6	8.833
674	1	3	0	11	7	8.833
675	1	3	0	11	8	8.833
676	1	3	0	11	9	8.833
677	1	3	0	11	10	8.833
678	1	3	0	11	11	8.833
679	1	3	0	11	12	8.833
680	1	3	0	11	13	8.833
681	1	2	0	11	14	8.833
684	1	2	0	12	6	8.833
685	1	3	0	12	7	8.833
686	1	3	0	12	8	8.833
687	1	3	0	12	9	8.833
688	1	3	0	12	10	8.833
689	1	3	0	12	11	8.833
690	1	3	0	12	12	8.833
691	1	3	0	12	13	8.833
692	1	2	0	12	14	8.833
695	1	2	0	13	6	8.833
696	1	2	0	13	7	8.833
697	1	3	0	13	8	8.833
698	1	3	0	13	9	8.833
699	1	3	0	13	10	8.833
700	1	3	0	13	11	8.833
701	1	3	0	13	12	8.833
702	1	2	0	13	13	8.833
703	1	2	0	13	14	8.833
707	1	2	0	14	7	8.833
708	1	2	0	14	8	8.833
709	1	2	0	14	9	8.833
710	1	2	0	14	10	8.833
711	1	2	0	14	11	8.833
712	1	2	0	14	12	8.833
713	1	2	0	14	13	8.833
721	1	2	0	15	10	8.833
741	1	2	0	6	8	9.833
742	1	2	0	6	9	9.833
743	1	2	0	6	10	9.833
744	1	2	0	6	11	9.833
745	1	2	0	6	12	9.833
751	1	2	0	7	7	9.833
752	1	3	0	7	8	9.833
753	1	3	0	7	9	9.833
754	1	3	0	7	10	9.833
755	1	3	0	7	11	9.833
756	1	3	0	7	12	9.833
757	1	2	0	7	13	9.833
761	1	2	0	8	6	9.833
762	1	3	0	8	7	9.833
763	1	3	0	8	8	9.833
764	1	3	0	8	9	9.833
765	1	3	0	8	10	9.833
766	1	3	0	8	11	9.833
767	1	3	0	8	12	9.833
768	1	3	0	8	13	9.833
769	1	2	0	8	14	9.833
772	1	2	0	9	6	9.833
773	1	3	0	9	7	9.833
774	1	3	0	9	8	9.833
775	1	3	0	9	9	9.833
776	1	3	0	9	10	9.833
777	1	3	0	9	11	9.833
778	1	3	0	9	12	9.833
779	1	3	0	9	13	9.833
780	1	2	0	9	14	9.833
783	1	2	0	10	6	9.833
784	1	3	0	10	7	9.833
785	1	3	0	10	8	9.833
786	1	3	0	10	9	9.833
787	1	3	0	10	10	9.833
788	1	3	0	10	11	9.833
789	1	3	0	10	12	9.833
790	1	3	0	10	13	9.833
791	1	2	0	10	14	9.833
794	1	2	0	11	6	9.833
795	1	3	0	11	7	9.833
796	1	3	0	11	8	9.833
797	1	3	0	11	9	9.833
798	1	3	0	11	10	9.833
799	1	3	0	11	11	9.833
800	1	3	0	11	12	9.833
801	1	3	0	11	13	9.833
802	1	2	0	11	14	9.833
805	1	2	0	12	6	9.833
806	1	3	0	12	7	9.833
807	1	3	0	12	8	9.833
808	1	3	0	12	9	9.833
809	1	3	0	12	10	9.833
810	1	3	0	12	11	9.833
811	1	3	0	12	12	9.833
812	1	3	0	12	13	9.833
813	1	2	0	12	14	9.833
817	1	2	0	13	7	9.833
818	1	3	0	13	8	9.833
819	1	3	0	13	9	9.833
820	1	3	0	13	10	9.833
821	1	3	0	13	11	9.833
822	1	3	0	13	12	9.833
823	1	2	0	13	13	9.833
829	1	2	0	14	8	9.833
830	1	2	0	14	9	9.833
831	1	2	0	14	10	9.833
832	1	2	0	14	11	9.833
833	1	2	0	14	12	9.833
862	1	2	0	6	8	10.833
863	1	2	0	6	9	10.833
864	1	2	0	6	10	10.833
865	1	2	0	6	11	10.833
866	1	2	0	6	12	10.833
872	1	2	0	7	7	10.833
873	1	2	0	7	8	10.833
874	1	3	0	7	9	10.833
875	1	3	0	7	10	10.833
876	1	3	0	7	11	10.833
877	1	2	0	7	12	10.833
878	1	2	0	7	13	10.833
882	1	2	0	8	6	10.833
883	1	2	0	8	7	10.833
884	1	3	0	8	8	10.833
885	1	3	0	8	9	10.833
886	1	3	0	8	10	10.833
887	1	3	0	8	11	10.833
888	1	3	0	8	12	10.833
889	1	2	0	8	13	10.833
890	1	2	0	8	14	10.833
893	1	2	0	9	6	10.833
894	1	3	0	9	7	10.833
895	1	3	0	9	8	10.833
896	1	3	0	9	9	10.833
897	1	3	0	9	10	10.833
898	1	3	0	9	11	10.833
899	1	3	0	9	12	10.833
900	1	3	0	9	13	10.833
901	1	2	0	9	14	10.833
904	1	2	0	10	6	10.833
905	1	3	0	10	7	10.833
906	1	3	0	10	8	10.833
907	1	3	0	10	9	10.833
908	1	3	0	10	10	10.833
909	1	3	0	10	11	10.833
910	1	3	0	10	12	10.833
911	1	3	0	10	13	10.833
912	1	2	0	10	14	10.833
915	1	2	0	11	6	10.833
916	1	3	0	11	7	10.833
917	1	3	0	11	8	10.833
918	1	3	0	11	9	10.833
919	1	3	0	11	10	10.833
920	1	3	0	11	11	10.833
921	1	3	0	11	12	10.833
922	1	3	0	11	13	10.833
923	1	2	0	11	14	10.833
926	1	2	0	12	6	10.833
927	1	2	0	12	7	10.833
928	1	3	0	12	8	10.833
929	1	3	0	12	9	10.833
930	1	3	0	12	10	10.833
931	1	3	0	12	11	10.833
932	1	3	0	12	12	10.833
933	1	2	0	12	13	10.833
934	1	2	0	12	14	10.833
938	1	2	0	13	7	10.833
939	1	2	0	13	8	10.833
940	1	3	0	13	9	10.833
941	1	3	0	13	10	10.833
942	1	3	0	13	11	10.833
943	1	2	0	13	12	10.833
944	1	2	0	13	13	10.833
950	1	2	0	14	8	10.833
951	1	2	0	14	9	10.833
952	1	2	0	14	10	10.833
953	1	2	0	14	11	10.833
954	1	2	0	14	12	10.833
985	1	2	0	6	10	11.833
994	1	2	0	7	8	11.833
995	1	2	0	7	9	11.833
996	1	2	0	7	10	11.833
997	1	2	0	7	11	11.833
998	1	2	0	7	12	11.833
1004	1	2	0	8	7	11.833
1005	1	2	0	8	8	11.833
1006	1	3	0	8	9	11.833
1007	1	3	0	8	10	11.833
1008	1	3	0	8	11	11.833
1009	1	2	0	8	12	11.833
1010	1	2	0	8	13	11.833
1015	1	2	0	9	7	11.833
1016	1	3	0	9	8	11.833
1017	1	3	0	9	9	11.833
1018	1	3	0	9	10	11.833
1019	1	3	0	9	11	11.833
1020	1	3	0	9	12	11.833
1021	1	2	0	9	13	11.833
1025	1	2	0	10	6	11.833
1026	1	2	0	10	7	11.833
1027	1	3	0	10	8	11.833
1028	1	3	0	10	9	11.833
1029	1	3	0	10	10	11.833
1030	1	3	0	10	11	11.833
1031	1	3	0	10	12	11.833
1032	1	2	0	10	13	11.833
1033	1	2	0	10	14	11.833
1037	1	2	0	11	7	11.833
1038	1	3	0	11	8	11.833
1039	1	3	0	11	9	11.833
1040	1	3	0	11	10	11.833
1041	1	3	0	11	11	11.833
1042	1	3	0	11	12	11.833
1043	1	2	0	11	13	11.833
1048	1	2	0	12	7	11.833
1049	1	2	0	12	8	11.833
1050	1	3	0	12	9	11.833
1051	1	3	0	12	10	11.833
1052	1	3	0	12	11	11.833
1053	1	2	0	12	12	11.833
1054	1	2	0	12	13	11.833
1060	1	2	0	13	8	11.833
1061	1	2	0	13	9	11.833
1062	1	2	0	13	10	11.833
1063	1	2	0	13	11	11.833
1064	1	2	0	13	12	11.833
1073	1	2	0	14	10	11.833
1117	1	2	0	7	10	12.833
1126	1	2	0	8	8	12.833
1127	1	2	0	8	9	12.833
1128	1	2	0	8	10	12.833
1129	1	2	0	8	11	12.833
1130	1	2	0	8	12	12.833
1137	1	2	0	9	8	12.833
1138	1	2	0	9	9	12.833
1139	1	2	0	9	10	12.833
1140	1	2	0	9	11	12.833
1141	1	2	0	9	12	12.833
1147	1	2	0	10	7	12.833
1148	1	2	0	10	8	12.833
1149	1	2	0	10	9	12.833
1150	1	2	0	10	10	12.833
1151	1	2	0	10	11	12.833
1152	1	2	0	10	12	12.833
1153	1	2	0	10	13	12.833
1159	1	2	0	11	8	12.833
1160	1	2	0	11	9	12.833
1161	1	2	0	11	10	12.833
1162	1	2	0	11	11	12.833
1163	1	2	0	11	12	12.833
1170	1	2	0	12	8	12.833
1171	1	2	0	12	9	12.833
1172	1	2	0	12	10	12.833
1173	1	2	0	12	11	12.833
1174	1	2	0	12	12	12.833
1183	1	2	0	13	10	12.833
1271	1	2	0	10	10	13.833
